TECHNOLOGIES	 c_inv	 c_maint	 lifetime	  f_min	 f	 f_max	 fmin_perc	f_perc	 fmax_perc	 c_p	 c_p_max	 tau	 gwp_constr
 UNITS	[MCHCapitalf/GW]	 [MCHCapitalf/GW]	 [y]	 [GW or GWh]	 [GW or GWh]	 [GW or GWh]	 [0-1]	 [0-1]	 [0-1]	 [0-1]	 [0-1]	 [-]	 [ktCO2-eq./GW or GWh] 
NUCLEAR	28710.977618	609.866092	60.000000	5.925000	5.925000	5.925000	0.000000	0.434682	1.000000	0.468952	0.840510	0.025393	4194.189000	
CCGT	3315.575551	83.972683	25.000000	3.925000	3.925000	3.925000	0.000000	0.351264	1.000000	0.572056	0.951923	0.048263	721.375750	
COAL_US	1240.708547	14.485878	35.000000	0.470000	0.470000	0.470000	0.000000	0.057791	1.000000	0.785971	0.859320	0.036934	155.852000	
COAL_IGCC	0.000000	0.000000	35.000000	0.000000	0.000000	0.000000	0.000000	0.000000	1.000000	0.000000	0.847440	0.036934	0.000000	
PV	5557.160656	63.463202	25.000000	0.000000	3.247000	1000000000.000000	0.000000	0.060291	1.000000	0.118691	1.000000	0.048263	6758.403210	
WIND_ONSHORE	1597.460392	4.353729	30.000000	0.000000	1.178000	1000000000.000000	0.000000	0.044808	1.000000	0.243137	1.000000	0.041639	733.717300	
WIND_OFFSHORE	5303.725111	10.207139	30.000000	0.000000	0.693000	1000000000.000000	0.000000	0.044647	1.000000	0.411815	1.000000	0.041639	431.635050	
HYDRO_RIVER	438.908034	4.388697	40.000000	0.000000	0.087000	1000000000.000000	0.000000	0.006518	1.000000	0.478927	1.000000	0.033427	109.865340	
GEOTHERMAL	0.000000	0.000000	30.000000	0.000000	0.000000	0.000000	0.000000	0.000000	1.000000	0.000000	0.950000	0.041639	0.000000	
IND_COGEN_GAS	1248.457221	80.249413	25.000000	0.000000	0.817000	1000000000.000000	0.086000	0.086000	0.086000	0.840563	0.841500	0.048263	836.869440	
IND_COGEN_WOOD	0.000000	0.000000	25.000000	0.000000	0.000000	1000000000.000000	0.000000	0.000000	0.000000	0.000000	0.841500	0.048263	0.000000	
IND_COGEN_WASTE	1736.725472	64.024782	25.000000	0.000000	0.532000	1000000000.000000	0.056000	0.056000	0.056000	0.840563	0.841500	0.048263	344.640240	
IND_BOILER_GAS	214.835397	4.304223	17.000000	0.000000	3.040000	1000000000.000000	0.000000	0.358000	1.000000	0.940379	0.940500	0.067080	37.452800	
IND_BOILER_WOOD	0.000000	0.000000	17.000000	0.000000	0.000000	1000000000.000000	0.000000	0.000000	0.000000	0.000000	0.891000	0.067080	0.000000	
IND_BOILER_OIL	111.839034	2.405551	17.000000	0.000000	1.699000	1000000000.000000	0.200000	0.200000	0.200000	0.940005	0.940500	0.067080	20.931680	
IND_BOILER_COAL	371.660642	7.433213	17.000000	0.000000	2.689000	1000000000.000000	0.300000	0.300000	0.300000	0.890890	0.891000	0.067080	129.556020	
IND_BOILER_WASTE	0.000000	0.000000	17.000000	0.000000	0.000000	1000000000.000000	0.000000	0.000000	0.000000	0.000000	0.891000	0.067080	0.000000	
IND_DIRECT_ELEC	0.000000	0.000000	15.000000	0.000000	0.000000	1000000000.000000	0.000000	0.000000	0.000000	0.000000	0.940500	0.074944	0.000000	
DHN_HP_ELEC	18.467184	0.626206	25.000000	0.000000	0.044000	1000000000.000000	0.043600	0.043700	0.043700	0.374100	0.940500	0.048263	7.690760	
DHN_COGEN_GAS	473.788827	13.852574	25.000000	0.000000	0.348000	1000000000.000000	0.594130	0.594130	0.594130	0.643075	0.841500	0.048263	170.826240	
DHN_COGEN_WOOD	69.204334	2.533735	25.000000	0.000000	0.059000	1000000000.000000	0.066030	0.066030	0.066030	0.421550	0.841500	0.048263	9.754470	
DHN_COGEN_WET_BIOMASS	0.000000	0.000000	25.000000	0.000000	0.000000	1000000000.000000	0.000000	0.000000	0.000000	0.000000	0.742500	0.048263	0.000000	
DHN_COGEN_BIO_HYDROLYSIS	0.000000	0.000000	15.000000	0.000000	0.000000	1000000000.000000	0.000000	0.000000	0.000000	0.000000	0.841500	0.074944	0.000000	
DHN_COGEN_WASTE	208.929380	7.702229	25.000000	0.000000	0.064000	1000000000.000000	0.124080	0.140800	0.140800	0.828671	0.841500	0.048263	41.460480	
DHN_BOILER_GAS	21.907557	0.438918	17.000000	0.000000	0.310000	1000000000.000000	0.138830	0.138830	0.138830	0.168687	0.940500	0.067080	3.819200	
DHN_BOILER_WOOD	0.000000	0.000000	17.000000	0.000000	0.000000	1000000000.000000	0.000000	0.000000	0.000000	0.000000	0.891000	0.067080	0.000000	
DHN_BOILER_OIL	5.002806	0.107606	17.000000	0.000000	0.076000	1000000000.000000	0.006510	0.006510	0.006510	0.032265	0.940500	0.067080	0.936320	
DHN_DEEP_GEO	8.059701	0.301976	30.000000	0.000000	0.005000	1000000000.000000	0.010000	0.010000	0.010000	0.753337	0.841500	0.041639	4.043800	
DHN_SOLAR	0.000000	0.000000	30.000000	0.000000	0.000000	1000000000.000000	0.000000	0.000000	1.000000	0.000000	1.000000	0.041639	0.000000	
DEC_HP_ELEC	354.012410	14.760437	18.000000	0.000000	0.591000	1000000000.000000	0.011000	0.011009	0.012000	0.314091	1.000000	0.063806	97.449990	
DEC_THHP_GAS	0.000000	0.000000	20.000000	0.000000	0.000000	1000000000.000000	0.000000	0.000000	0.000000	0.000000	1.000000	0.058246	0.000000	
DEC_COGEN_GAS	574.565380	36.932411	20.000000	0.000000	0.376000	1000000000.000000	0.007000	0.007000	0.007000	0.313922	1.000000	0.058246	385.144320	
DEC_COGEN_OIL	0.000000	0.000000	20.000000	0.000000	0.000000	1000000000.000000	0.000000	0.000000	0.000000	0.000000	1.000000	0.058246	0.000000	
DEC_ADVCOGEN_GAS	0.000000	0.000000	20.000000	0.000000	0.000000	1000000000.000000	0.000000	0.000000	0.000000	0.000000	1.000000	0.058246	0.000000	
DEC_ADVCOGEN_H2	0.000000	0.000000	20.000000	0.000000	0.000000	1000000000.000000	0.000000	0.000000	0.000000	0.000000	1.000000	0.058246	0.000000	
DEC_BOILER_GAS	4064.912183	121.971376	17.000000	0.000000	21.367000	1000000000.000000	0.000000	0.395991	1.000000	0.312503	1.000000	0.067080	450.630030	
DEC_BOILER_WOOD	2979.410387	104.252818	17.000000	0.000000	5.369000	1000000000.000000	0.100000	0.100000	0.300000	0.314064	1.000000	0.067080	113.232210	
DEC_BOILER_OIL	4439.592320	266.287945	17.000000	0.000000	25.984000	1000000000.000000	0.484000	0.484000	0.484000	0.314088	1.000000	0.067080	548.002560	
DEC_SOLAR	401.097909	4.450259	20.000000	0.000000	0.513000	1000000000.000000	0.002000	0.002000	0.002000	0.065739	1.000000	0.058246	113.485860	
DEC_DIRECT_ELEC	0.000000	0.000000	15.000000	0.000000	0.000000	1000000000.000000	0.000000	0.000000	0.000000	0.000000	1.000000	0.074944	0.000000	
TRAMWAY_TROLLEY	295.625000	5.912500	30.000000	0.000000	0.473000	1000000000.000000	0.045000	0.045000	0.045000	0.342214	0.342466	0.041639	0.000000	
BUS_COACH_DIESEL	3233.301048	174.075000	15.000000	0.000000	5.697000	1000000000.000000	0.470000	0.470000	1.000000	0.296755	0.296804	0.074944	0.000000	
BUS_COACH_HYDIESEL	0.000000	0.000000	15.000000	0.000000	0.000000	1000000000.000000	0.000000	0.000000	0.000000	0.000000	0.296804	0.074944	0.000000	
BUS_COACH_CNG_STOICH	700.518585	37.033333	15.000000	0.000000	1.212000	1000000000.000000	0.100000	0.100000	0.100000	0.296786	0.296804	0.074944	0.000000	
BUS_COACH_FC_HYBRIDH2	0.000000	0.000000	15.000000	0.000000	0.000000	0.000000	0.000000	0.000000	0.000000	0.000000	0.296804	0.074944	0.000000	
TRAIN_PUB	7582.831323	273.666093	40.000000	0.000000	5.035000	1000000000.000000	0.385000	0.385000	0.385000	0.275047	0.275073	0.033427	0.000000	
CAR_GASOLINE	38635.811346	1365.734185	10.000000	0.000000	98.984000	1000000000.000000	0.353400	0.353400	0.353500	0.051370	0.051370	0.108434	33852.528000	
CAR_DIESEL	71943.089765	2621.966627	10.000000	0.000000	178.306000	1000000000.000000	0.000000	0.636600	1.000000	0.051370	0.051370	0.108434	61693.876000	
CAR_NG	1137.489873	49.909756	10.000000	0.000000	2.801000	1000000000.000000	0.010000	0.010000	0.010000	0.051368	0.051370	0.108434	957.942000	
CAR_HEV	0.000000	0.000000	10.000000	0.000000	0.000000	1000000000.000000	0.000000	0.000000	0.000000	0.000000	0.051370	0.108434	0.000000	
CAR_PHEV	0.000000	0.000000	10.000000	0.000000	0.000000	1000000000.000000	0.000000	0.000000	0.000000	0.000000	0.051370	0.108434	0.000000	
CAR_BEV	0.000000	0.000000	10.000000	0.000000	0.000000	0.000000	0.000000	0.000000	0.000000	0.000000	0.051370	0.108434	0.000000	
CAR_FUEL_CELL	0.000000	0.000000	10.000000	0.000000	0.000000	0.000000	0.000000	0.000000	0.000000	0.000000	0.051370	0.108434	0.000000	
TRAIN_FREIGHT	251.641558	5.032831	40.000000	0.000000	2.410000	1000000000.000000	0.000000	1.000000	1.000000	0.342339	0.342466	0.033427	0.000000	
BOAT_FREIGHT_DIESEL	733.835046	39.508333	40.000000	0.000000	10.344000	1000000000.000000	0.000000	1.000000	1.000000	0.114152	0.114155	0.033427	0.000000	
BOAT_FREIGHT_NG	0.000000	0.000000	40.000000	0.000000	0.000000	0.000000	0.000000	0.000000	1.000000	0.000000	0.114155	0.033427	0.000000	
TRUCK_DIESEL	19610.829659	1055.811111	15.000000	0.000000	56.900000	1000000000.000000	0.000000	0.947000	1.000000	0.092592	0.092593	0.074944	0.000000	
TRUCK_FUEL_CELL	0.000000	0.000000	15.000000	0.000000	0.000000	0.000000	0.000000	0.000000	1.000000	0.000000	0.092593	0.074944	0.000000	
TRUCK_NG	1117.918791	59.099444	15.000000	0.000000	3.185000	1000000000.000000	0.053000	0.053000	0.053000	0.092577	0.092593	0.074944	0.000000	
TRUCK_ELEC	0.000000	0.000000	15.000000	0.000000	0.000000	0.000000	0.000000	0.000000	0.000000	0.000000	0.092593	0.074944	0.000000	
NON_ENERGY_OIL	0.000000	0.000000	1.000000	0.000000	0.000000	1000000000.000000	0.860000	0.000000	0.860000	0.000000	1.000000	1.015000	0.000000	
NON_ENERGY_NG	0.000000	0.000000	1.000000	0.000000	0.000000	1000000000.000000	0.140000	0.000000	0.140000	0.000000	1.000000	1.015000	0.000000	
PHS	346.920000	0.000000	50.000000	5.900000	5.900000	5.900000	0.000000	-1.000000	1.000000	0.000000	1.000000	0.028572	
BATT_LI	0.000000	0.000000	15.000000	0.000000	0.000000	0.000000	0.000000	-1.000000	1.000000	0.000000	1.000000	0.074944	
BEV_BATT	0.000000	0.000000	1.000000	0.000000	0.000000	1000000000.000000	0.000000	-1.000000	1.000000	0.000000	1.000000	1.015000	
PHEV_BATT	0.000000	0.000000	1.000000	0.000000	0.000000	1000000000.000000	0.000000	-1.000000	1.000000	0.000000	1.000000	1.015000	
TS_DEC_HP_ELEC	0.000000	0.000000	20.000000	0.000000	0.000000	0.000000	0.000000	-1.000000	1.000000	0.000000	1.000000	0.058246	
TS_DEC_DIRECT_ELEC	0.000000	0.000000	20.000000	0.000000	0.000000	0.000000	0.000000	-1.000000	1.000000	0.000000	1.000000	0.058246	
TS_DHN_DAILY	0.000000	0.000000	40.000000	0.000000	0.000000	0.000000	0.000000	-1.000000	1.000000	0.000000	1.000000	0.033427	
TS_DHN_SEASONAL	0.000000	0.000000	25.000000	0.000000	0.000000	0.000000	0.000000	-1.000000	1.000000	0.000000	1.000000	0.048263	
TS_DEC_THHP_GAS	0.000000	0.000000	20.000000	0.000000	0.000000	0.000000	0.000000	-1.000000	1.000000	0.000000	1.000000	0.058246	
TS_DEC_COGEN_GAS	0.000000	0.000000	20.000000	0.000000	0.000000	0.000000	0.000000	-1.000000	1.000000	0.000000	1.000000	0.058246	
TS_DEC_COGEN_OIL	0.000000	0.000000	20.000000	0.000000	0.000000	0.000000	0.000000	-1.000000	1.000000	0.000000	1.000000	0.058246	
TS_DEC_ADVCOGEN_GAS	0.000000	0.000000	20.000000	0.000000	0.000000	0.000000	0.000000	-1.000000	1.000000	0.000000	1.000000	0.058246	
TS_DEC_ADVCOGEN_H2	0.000000	0.000000	20.000000	0.000000	0.000000	0.000000	0.000000	-1.000000	1.000000	0.000000	1.000000	0.058246	
TS_DEC_BOILER_GAS	0.000000	0.000000	20.000000	0.000000	0.000000	0.000000	0.000000	-1.000000	1.000000	0.000000	1.000000	0.058246	
TS_DEC_BOILER_WOOD	0.000000	0.000000	20.000000	0.000000	0.000000	0.000000	0.000000	-1.000000	1.000000	0.000000	1.000000	0.058246	
TS_DEC_BOILER_OIL	0.000000	0.000000	20.000000	0.000000	0.000000	0.000000	0.000000	-1.000000	1.000000	0.000000	1.000000	0.058246	
TS_HIGH_TEMP	0.000000	0.000000	25.000000	0.000000	0.000000	0.000000	0.000000	-1.000000	1.000000	0.000000	1.000000	0.048263	
SEASONAL_NG	0.000000	0.000000	50.000000	0.000000	0.000000	0.000000	0.000000	-1.000000	1.000000	0.000000	1.000000	0.028572	
SEASONAL_H2	0.000000	0.000000	20.000000	0.000000	0.000000	0.000000	0.000000	-1.000000	1.000000	0.000000	1.000000	0.058246	
CO2_STORAGE	0.000000	0.000000	30.000000	0.000000	0.000000	0.000000	0.000000	-1.000000	1.000000	0.000000	1.000000	0.041639	
SLF_STO	0.000000	0.000000	20.000000	0.000000	0.000000	0.000000	0.000000	-1.000000	1.000000	0.000000	1.000000	0.058246	
EFFICIENCY	5517.241379	0.000000	1.000000	0.000000	0.985222	1000000000.000000	0.000000	-1.000000	1.000000	0.000000	1.000000	1.015000	
DHN	748.249611	0.000000	60.000000	0.000000	0.906000	1000000000.000000	0.000000	-1.000000	1.000000	0.000000	1.000000	0.025393	
GRID	76801.463950	0.000000	80.000000	0.000000	1.025126	1000000000.000000	0.000000	-1.000000	1.000000	0.000000	1.000000	0.021548	
MOTORWAYS	0.000000	0.000000	60.000000	0.000000	0.000000	1000000000.000000	0.000000	-1.000000	1.000000	0.000000	1.000000	0.025393	
ROADS	0.000000	0.000000	60.000000	0.000000	0.000000	1000000000.000000	0.000000	-1.000000	1.000000	0.000000	1.000000	0.025393	
RAILWAYS	0.000000	0.000000	60.000000	0.000000	0.000000	1000000000.000000	0.000000	-1.000000	1.000000	0.000000	1.000000	0.025393	
H2_ELECTROLYSIS	0.000000	0.000000	15.000000	0.000000	0.000000	0.000000	0.000000	-1.000000	1.000000	0.000000	0.891000	0.074944	
H2_NG	0.000000	0.000000	25.000000	0.000000	0.000000	0.000000	0.000000	-1.000000	1.000000	0.000000	0.851400	0.048263	
H2_BIOMASS	0.000000	0.000000	25.000000	0.000000	0.000000	0.000000	0.000000	-1.000000	1.000000	0.000000	0.851400	0.048263	
GASIFICATION_SNG	0.000000	0.000000	25.000000	0.000000	0.000000	0.000000	0.000000	-1.000000	1.000000	0.000000	0.841500	0.048263	
PYROLYSIS	0.000000	0.000000	25.000000	0.000000	0.000000	0.000000	0.000000	-1.000000	1.000000	0.000000	0.841500	0.048263	
ATM_CCS	0.000000	0.000000	40.000000	0.000000	0.000000	0.000000	0.000000	-1.000000	1.000000	0.000000	1.000000	0.033427	
INDUSTRY_CCS	0.000000	0.000000	40.000000	0.000000	0.000000	0.000000	0.000000	-1.000000	1.000000	0.000000	1.000000	0.033427	
SYN_METHANOLATION	0.000000	0.000000	20.000000	0.000000	0.000000	0.000000	0.000000	-1.000000	1.000000	0.000000	0.940500	0.058246	
SYN_METHANATION	0.000000	0.000000	40.000000	0.000000	0.000000	0.000000	0.000000	-1.000000	1.000000	0.000000	1.000000	0.033427	
BIOMETHANATION	428.814123	5.940091	20.000000	0.000000	0.361000	1000000000.000000	0.000000	-1.000000	1.000000	0.840006	0.841500	0.058246	
BIO_HYDROLYSIS	0.000000	0.000000	15.000000	0.000000	0.000000	0.000000	0.000000	-1.000000	1.000000	0.000000	0.841500	0.074944	
METHANE_TO_METHANOL	0.000000	0.000000	25.000000	0.000000	0.000000	0.000000	0.000000	-1.000000	1.000000	0.000000	0.841500	0.048263	
SLF_TO_DIESEL	0.000000	0.000000	1.000000	0.000000	0.000000	0.000000	0.000000	-1.000000	1.000000	0.000000	1.000000	1.015000	
SLF_TO_GASOLINE	0.000000	0.000000	1.000000	0.000000	0.000000	0.000000	0.000000	-1.000000	1.000000	0.000000	1.000000	1.015000	
SLF_TO_LFO	0.000000	0.000000	1.000000	0.000000	0.000000	0.000000	0.000000	-1.000000	1.000000	0.000000	1.000000	1.015000	