param layers_in_out :=																															
["YEAR_2015",*,*]: 	ELECTRICITY	GASOLINE	DIESEL	LFO	GAS	WOOD	WET_BIOMASS	COAL	URANIUM	WASTE	H2	AMMONIA	METHANOL	HVC	HEAT_HIGH_T	HEAT_LOW_T_DHN	HEAT_LOW_T_DECEN	MOB_PUBLIC	MOB_PRIVATE	MOB_FREIGHT_RAIL	MOB_FREIGHT_ROAD	MOB_FREIGHT_BOAT	RES_WIND	RES_SOLAR	RES_HYDRO	RES_GEO 	CO2_ATM 	CO2_INDUSTRY	CO2_CAPTURED	:=	
ELECTRICITY	1	0	0	0	0	0	0	0	0	0	0	0	0	0	0	0	0	0	0	0	0	0	0	0	0	0	0	0	0		
GASOLINE	0	1	0	0	0	0	0	0	0	0	0	0	0	0	0	0	0	0	0	0	0	0	0	0	0	0	0	0	0		
DIESEL	0	0	1	0	0	0	0	0	0	0	0	0	0	0	0	0	0	0	0	0	0	0	0	0	0	0	0	0	0		
BIOETHANOL	0	1	0	0	0	0	0	0	0	0	0	0	0	0	0	0	0	0	0	0	0	0	0	0	0	0	0	0	0		
BIODIESEL	0	0	1	0	0	0	0	0	0	0	0	0	0	0	0	0	0	0	0	0	0	0	0	0	0	0	0	0	0		
LFO	0	0	0	1	0	0	0	0	0	0	0	0	0	0	0	0	0	0	0	0	0	0	0	0	0	0	0	0	0		
GAS	0	0	0	0	1	0	0	0	0	0	0	0	0	0	0	0	0	0	0	0	0	0	0	0	0	0	0	0	0		
GAS_RE	0	0	0	0	1	0	0	0	0	0	0	0	0	0	0	0	0	0	0	0	0	0	0	0	0	0	0	0	0		
WOOD	0	0	0	0	0	1	0	0	0	0	0	0	0	0	0	0	0	0	0	0	0	0	0	0	0	0	0	0	0		
WET_BIOMASS	0	0	0	0	0	0	1	0	0	0	0	0	0	0	0	0	0	0	0	0	0	0	0	0	0	0	0	0	0		
COAL	0	0	0	0	0	0	0	1	0	0	0	0	0	0	0	0	0	0	0	0	0	0	0	0	0	0	0	0	0		
URANIUM	0	0	0	0	0	0	0	0	1	0	0	0	0	0	0	0	0	0	0	0	0	0	0	0	0	0	0	0	0		
WASTE	0	0	0	0	0	0	0	0	0	1	0	0	0	0	0	0	0	0	0	0	0	0	0	0	0	0	0	0	0		
H2	0	0	0	0	0	0	0	0	0	0	1	0	0	0	0	0	0	0	0	0	0	0	0	0	0	0	0	0	0		
H2_RE	0	0	0	0	0	0	0	0	0	0	1	0	0	0	0	0	0	0	0	0	0	0	0	0	0	0	0	0	0		
AMMONIA	0	0	0	0	0	0	0	0	0	0	0	1	0	0	0	0	0	0	0	0	0	0	0	0	0	0	0	0	0		
METHANOL	0	0	0	0	0	0	0	0	0	0	0	0	1	0	0	0	0	0	0	0	0	0	0	0	0	0	0	0	0		
AMMONIA_RE	0	0	0	0	0	0	0	0	0	0	0	1	0	0	0	0	0	0	0	0	0	0	0	0	0	0	0	0	0		
METHANOL_RE	0	0	0	0	0	0	0	0	0	0	0	0	1	0	0	0	0	0	0	0	0	0	0	0	0	0	0	0	0		
ELEC_EXPORT	-1	0	0	0	0	0	0	0	0	0	0	0	0	0	0	0	0	0	0	0	0	0	0	0	0	0	0	0	0		
CO2_EMISSIONS	0	0	0	0	0	0	0	0	0	0	0	0	0	0	0	0	0	0	0	0	0	0	0	0	0	0	0	-1	0		
RES_WIND 	0	0	0	0	0	0	0	0	0	0	0	0	0	0	0	0	0	0	0	0	0	0	1	0	0	0	0	0	0		
RES_SOLAR  	0	0	0	0	0	0	0	0	0	0	0	0	0	0	0	0	0	0	0	0	0	0	0	1	0	0	0	0	0		
RES_HYDRO 	0	0	0	0	0	0	0	0	0	0	0	0	0	0	0	0	0	0	0	0	0	0	0	0	1	0	0	0	0		
RES_GEO	0	0	0	0	0	0	0	0	0	0	0	0	0	0	0	0	0	0	0	0	0	0	0	0	0	1	0	0	0		
CO2_ATM 	0	0	0	0	0	0	0	0	0	0	0	0	0	0	0	0	0	0	0	0	0	0	0	0	0	0	1	0	0		
CO2_INDUSTRY	0	0	0	0	0	0	0	0	0	0	0	0	0	0	0	0	0	0	0	0	0	0	0	0	0	0	0	1	0		
CO2_CAPTURED	0	0	0	0	0	0	0	0	0	0	0	0	0	0	0	0	0	0	0	0	0	0	0	0	0	0	0	0	1		
NUCLEAR	1	0	0	0	0	0	0	0	-3.029932735	0	0	0	0	0	0	0	0	0	0	0	0	0	0	0	0	0	0	0	0		
NUCLEAR_SMR	1	0	0	0	0	0	0	0	-3.029932735	0	0	0	0	0	0	0	0	0	0	0	0	0	0	0	0	0	0	0	0		
CCGT	1	0	0	0	-1.683085345	0	0	0	0	0	0	0	0	0	0	0	0	0	0	0	0	0	0	0	0	0	0	0.31746	0		
CCGT_AMMONIA	1	0	0	0	0	0	0	0	0	0	0	-2.120689655	0	0	0	0	0	0	0	0	0	0	0	0	0	0	0	0	0		
COAL_US	1	0	0	0	0	0	0	-2.323628261	0	0	0	0	0	0	0	0	0	0	0	0	0	0	0	0	0	0	0	0.734688	0		
COAL_IGCC	1	0	0	0	0	0	0	-2.108549185	0	0	0	0	0	0	0	0	0	0	0	0	0	0	0	0	0	0	0	0.666684	0		
PV	1	0	0	0	0	0	0	0	0	0	0	0	0	0	0	0	0	0	0	0	0	0	0	-1	0	0	0	0	0		
WIND_ONSHORE	1	0	0	0	0	0	0	0	0	0	0	0	0	0	0	0	0	0	0	0	0	0	-1	0	0	0	0	0	0		
WIND_OFFSHORE	1	0	0	0	0	0	0	0	0	0	0	0	0	0	0	0	0	0	0	0	0	0	-1	0	0	0	0	0	0		
HYDRO_RIVER	1	0	0	0	0	0	0	0	0	0	0	0	0	0	0	0	0	0	0	0	0	0	0	0	-1	0	0	0	0		
GEOTHERMAL	1	0	0	0	0	0	0	0	0	0	0	0	0	0	0	0	0	0	0	0	0	0	0	0	0	-1	0	0	0		
IND_COGEN_GAS	0.9565	0	0	0	-2.19460381	0	0	0	0	0	0	0	0	0	1	0	0	0	0	0	0	0	0	0	0	0	0	0.43478	0		
IND_COGEN_WOOD	0.3396	0	0	0	0	-1.8868	0	0	0	0	0	0	0	0	1	0	0	0	0	0	0	0	0	0	0	0	0	0.735852	0		
IND_COGEN_WASTE	0.4444	0	0	0	0	0	0	0	0	-2.231071058	0	0	0	0	1	0	0	0	0	0	0	0	0	0	0	0	0	0.577772	0		
IND_BOILER_GAS	0	0	0	0	-1.088771429	0	0	0	0	0	0	0	0	0	1	0	0	0	0	0	0	0	0	0	0	0	0	0.2157	0		
IND_BOILER_WOOD	0	0	0	0	0	-1.167817143	0	0	0	0	0	0	0	0	1	0	0	0	0	0	0	0	0	0	0	0	0	0.451152	0		
IND_BOILER_OIL	0	0	0	-1.157015238	0	0	0	0	0	0	0	0	0	0	1	0	0	0	0	0	0	0	0	0	0	0	0	0.297986	0		
IND_BOILER_COAL	0	0	0	0	0	0	0	-1.231114286	0	0	0	0	0	0	1	0	0	0	0	0	0	0	0	0	0	0	0	0.43902	0		
IND_BOILER_WASTE	0	0	0	0	0	0	0	0	0	-1.231114286	0	0	0	0	1	0	0	0	0	0	0	0	0	0	0	0	0	0.31707	0		
IND_DIRECT_ELEC	-1.010204082	0	0	0	0	0	0	0	0	0	0	0	0	0	1	0	0	0	0	0	0	0	0	0	0	0	0	0	0		
DHN_HP_ELEC	-0.276785714	0	0	0	0	0	0	0	0	0	0	0	0	0	0	1	0	0	0	0	0	0	0	0	0	0	0	0	0		
DHN_COGEN_GAS	1.25	0	0	0	-2.523809524	0	0	0	0	0	0	0	0	0	0	1	0	0	0	0	0	0	0	0	0	0	0	0.5	0		
DHN_COGEN_WOOD	0.3396	0	0	0	0	-1.8868	0	0	0	0	0	0	0	0	0	1	0	0	0	0	0	0	0	0	0	0	0	0.735852	0		
DHN_COGEN_WASTE	0.4444	0	0	0	0	0	0	0	0	-2.231071058	0	0	0	0	0	1	0	0	0	0	0	0	0	0	0	0	0	0.577772	0		
DHN_COGEN_WET_BIOMASS	0.826446281	0	0	0	0	0	-6.405635011	0	0	0	0	0	0	0	0	1	0	0	0	0	0	0	0	0	0	0	0	2.488264463	0		
DHN_COGEN_BIO_HYDROLYSIS	0.758208955	0	0	0	0	0	-2.996991092	0	0	0	0	0	0	0	0	1	0	0	0	0	0	0	0	0	0	0	0	1.164179104	0		
DHN_BOILER_GAS	0	0	0	0	-1.088771429	0	0	0	0	0	0	0	0	0	0	1	0	0	0	0	0	0	0	0	0	0	0	0.2157	0		
DHN_BOILER_WOOD	0	0	0	0	0	-1.167817143	0	0	0	0	0	0	0	0	0	1	0	0	0	0	0	0	0	0	0	0	0	0.451152	0		
DHN_BOILER_OIL	0	0	0	-1.157015238	0	0	0	0	0	0	0	0	0	0	0	1	0	0	0	0	0	0	0	0	0	0	0	0.297986	0		
DHN_DEEP_GEO	0	0	0	0	0	0	0	0	0	0	0	0	0	0	0	1	0	0	0	0	0	0	0	0	0	-1	0	0	0		
DHN_SOLAR	0	0	0	0	0	0	0	0	0	0	0	0	0	0	0	1	0	0	0	0	0	0	0	-1	0	0	0	0	0		
DEC_HP_ELEC	-0.369010714	0	0	0	0	0	0	0	0	0	0	0	0	0	0	0	1	0	0	0	0	0	0	0	0	0	0	0	0		
DEC_THHP_GAS	0	0	0	0	-0.738132143	0	0	0	0	0	0	0	0	0	0	0	1	0	0	0	0	0	0	0	0	0	0	0	0		
DEC_COGEN_GAS	0.9565	0	0	0	-2.19460381	0	0	0	0	0	0	0	0	0	0	0	1	0	0	0	0	0	0	0	0	0	0	0	0		
DEC_COGEN_OIL	0.907	0	0	-2.347748571	0	0	0	0	0	0	0	0	0	0	0	0	1	0	0	0	0	0	0	0	0	0	0	0	0		
DEC_ADVCOGEN_GAS	2.6364	0	0	0	-5.050555556	0	0	0	0	0	0	0	0	0	0	0	1	0	0	0	0	0	0	0	0	0	0	0	0		
DEC_ADVCOGEN_H2	2.6364	0	0	0	0	0	0	0	0	0	-5.050555556	0	0	0	0	0	1	0	0	0	0	0	0	0	0	0	0	0	0		
DEC_BOILER_GAS	0	0	0	0	-1.121681905	0	0	0	0	0	0	0	0	0	0	0	1	0	0	0	0	0	0	0	0	0	0	0	0		
DEC_BOILER_WOOD	0	0	0	0	0	-1.187704762	0	0	0	0	0	0	0	0	0	0	1	0	0	0	0	0	0	0	0	0	0	0	0		
DEC_BOILER_OIL	0	0	0	-1.187704762	0	0	0	0	0	0	0	0	0	0	0	0	1	0	0	0	0	0	0	0	0	0	0	0	0		
DEC_SOLAR	0	0	0	0	0	0	0	0	0	0	0	0	0	0	0	0	1	0	0	0	0	0	0	-1	0	0	0	0	0		
DEC_DIRECT_ELEC	-1.010204082	0	0	0	0	0	0	0	0	0	0	0	0	0	0	0	1	0	0	0	0	0	0	0	0	0	0	0	0		
TRAMWAY_TROLLEY	-0.073471055	0	0	0	0	0	0	0	0	0	0	0	0	0	0	0	0	1	0	0	0	0	0	0	0	0	0	0	0		
BUS_COACH_DIESEL	0	0	-0.301087302	0	0	0	0	0	0	0	0	0	0	0	0	0	0	1	0	0	0	0	0	0	0	0	0	0	0		
BUS_COACH_HYDIESEL	0	0	-0.239483953	0	0	0	0	0	0	0	0	0	0	0	0	0	0	1	0	0	0	0	0	0	0	0	0	0	0		
BUS_COACH_CNG_STOICH	0	0	0	0	-0.31222765	0	0	0	0	0	0	0	0	0	0	0	0	1	0	0	0	0	0	0	0	0	0	0	0		
BUS_COACH_FC_HYBRIDH2	0	0	0	0	0	0	0	0	0	0	-0.296421373	0	0	0	0	0	0	1	0	0	0	0	0	0	0	0	0	0	0		
TRAIN_PUB	-0.07617479	0	0	0	0	0	0	0	0	0	0	0	0	0	0	0	0	1	0	0	0	0	0	0	0	0	0	0	0		
CAR_GASOLINE	0	-0.579218433	0	0	0	0	0	0	0	0	0	0	0	0	0	0	0	0	1	0	0	0	0	0	0	0	0	0	0		
CAR_DIESEL	0	0	-0.492966667	0	0	0	0	0	0	0	0	0	0	0	0	0	0	0	1	0	0	0	0	0	0	0	0	0	0		
CAR_NG	0	0	0	0	-0.473985891	0	0	0	0	0	0	0	0	0	0	0	0	0	1	0	0	0	0	0	0	0	0	0	0		
CAR_METHANOL	0	0	0	0	0	0	0	0	0	0	0	0	-0.535777051	0	0	0	0	0	1	0	0	0	0	0	0	0	0	0	0		
CAR_HEV	0	-0.407377104	0	0	0	0	0	0	0	0	0	0	0	0	0	0	0	0	1	0	0	0	0	0	0	0	0	0	0		
CAR_PHEV	-0.164513135	-0.129960594	0	0	0	0	0	0	0	0	0	0	0	0	0	0	0	0	1	0	0	0	0	0	0	0	0	0	0		
CAR_BEV	-0.206349206	0	0	0	0	0	0	0	0	0	0	0	0	0	0	0	0	0	1	0	0	0	0	0	0	0	0	0	0		
CAR_FUEL_CELL	0	0	0	0	0	0	0	0	0	0	-0.264462081	0	0	0	0	0	0	0	1	0	0	0	0	0	0	0	0	0	0		
TRAIN_FREIGHT	-0.080289169	0	0	0	0	0	0	0	0	0	0	0	0	0	0	0	0	0	0	1	0	0	0	0	0	0	0	0	0		
BOAT_FREIGHT_DIESEL	0	0	-0.121342152	0	0	0	0	0	0	0	0	0	0	0	0	0	0	0	0	0	0	1	0	0	0	0	0	0	0		
BOAT_FREIGHT_NG	0	0	0	0	-0.14340553	0	0	0	0	0	0	0	0	0	0	0	0	0	0	0	0	1	0	0	0	0	0	0	0		
BOAT_FREIGHT_METHANOL	0	0	0	0	0	0	0	0	0	0	0	0	-0.139486772	0	0	0	0	0	0	0	0	1	0	0	0	0	0	0	0		
TRUCK_DIESEL	0	0	-0.581308289	0	0	0	0	0	0	0	0	0	0	0	0	0	0	0	0	0	1	0	0	0	0	0	0	0	0		
TRUCK_METHANOL	0	0	0	0	0	0	0	0	0	0	0	0	-0.668232893	0	0	0	0	0	0	0	1	0	0	0	0	0	0	0	0		
TRUCK_FUEL_CELL	0	0	0	0	0	0	0	0	0	0	-0.578383167	0	0	0	0	0	0	0	0	0	1	0	0	0	0	0	0	0	0		
TRUCK_ELEC	-0.292708683	0	0	0	0	0	0	0	0	0	0	0	0	0	0	0	0	0	0	0	1	0	0	0	0	0	0	0	0		
TRUCK_NG	0	0	0	0	-0.687880184	0	0	0	0	0	0	0	0	0	0	0	0	0	0	0	1	0	0	0	0	0	0	0	0		
EFFICIENCY	0	0	0	0	0	0	0	0	0	0	0	0	0	0	0	0	0	0	0	0	0	0	0	0	0	0	0	0	0		
DHN	0	0	0	0	0	0	0	0	0	0	0	0	0	0	0	0	0	0	0	0	0	0	0	0	0	0	0	0	0		
GRID	0	0	0	0	0	0	0	0	0	0	0	0	0	0	0	0	0	0	0	0	0	0	0	0	0	0	0	0	0		
H2_ELECTROLYSIS	-1.25	0	0	0	0	0	0	0	0	0	1	0	0	0	-0.220588235	0.044117647	0	0	0	0	0	0	0	0	0	0	0	0	0		
SMR	0	0	0	0	-1.3646	0	0	0	0	0	1	0	0	0	0	0	0	0	0	0	0	0	0	0	0	0	0	0.27292	0		
H2_BIOMASS	0	0	0	0	0	-2.325418548	0	0	0	0	1	0	0	0	0	0	0	0	0	0	0	0	0	0	0	0	0	0.901719	0		
GASIFICATION_SNG	0	0	0	0	1	-1.778890625	0	0	0	0	0	0	0	0	0	0.338	0	0	0	0	0	0	0	0	0	0	0	0.400015	0		
SYN_METHANATION	0	0	0	0	1	0	0	0	0	0	-1.2	0	0	0	0	0.295	0	0	0	0	0	0	0	0	0	0	0	0	-0.2		
BIOMETHANATION	0	0	0	0	1	0	-3.3462	0	0	0	0	0	0	0	0	0	0	0	0	0	0	0	0	0	0	0	0	1.105018	0		
BIO_HYDROLYSIS	0.094562648	0	0	0	1	0	-2.364066194	0	0	0	0	0	0	0	0	0	0	0	0	0	0	0	0	0	0	0	0	0.721985816	0		
PYROLYSIS_TO_LFO	0.0238	0	0	1	0	-1.510350346	0	0	0	0	0	0	0	0	0	0	0	0	0	0	0	0	0	0	0	0	0	0.325663	0		
PYROLYSIS_TO_FUELS	0.0256	1	0.456	0	0	-2.552619816	0	0	0	0	0	0	0	0	0	0	0	0	0	0	0	0	0	0	0	0	0	0.6167	0		
ATM_CCS	-1.3	0	0	0	0	0	0	0	0	0	0	0	0	0	0	0	0	0	0	0	0	0	0	0	0	0	-1	0	1		
INDUSTRY_CCS	-0.233	0	0	0	0	0	0	0	0	0	0	0	0	0	0	0	0	0	0	0	0	0	0	0	0	0	0	-1	0.9		
SYN_METHANOLATION	-0.035638554	0	0	0	0	0	0	0	0	0	-1.306048193	0	1	0	0	0.083090672	0	0	0	0	0	0	0	0	0	0	0	0	-0.245703295		
METHANE_TO_METHANOL	0	0	0	0	-1.529051988	0	0	0	0	0	0	0	1	0	0	0	0	0	0	0	0	0	0	0	0	0	0	0.060107103	0		
BIOMASS_TO_METHANOL	0.032258	0	0	0	0	-1.622190899	0	0	0	0	0	0	1	0	0	0.35484	0	0	0	0	0	0	0	0	0	0	0	0.383327705	0		
HABER_BOSCH	-0.122553192	0	0	0	0	0	0	0	0	0	-1.13	1	0	0	0	0.134042253	0	0	0	0	0	0	0	0	0	0	0	0	0		
AMMONIA_TO_H2	0	0	0	0	0	0	0	0	0	0	1	-1.753645837	0	0	-0.15	0.1	0	0	0	0	0	0	0	0	0	0	0	0	0		
OIL_TO_HVC	-0.0211887	0	0	-1.818181818	0	0	0	0	0	0	0	0	0	1	-0.017222222	0	0	0	0	0	0	0	0	0	0	0	0	0.212727273	0		
GAS_TO_HVC	-0.470588235	0	0	0	-2.793650794	0	0	0	0	0	0	0	0	1	0	0	0	0	0	0	0	0	0	0	0	0	0	0.298730159	0		
BIOMASS_TO_HVC	-0.0286	0	0	0	0	-2.394715438	0	0	0	0	0	0	0	1	-0.052	0	0	0	0	0	0	0	0	0	0	0	0	0.66859	0		
METHANOL_TO_HVC	0	0	0	0	0	0	0	0	0	0	0	0	-1.241155343	1	-0.33	0	0	0	0	0	0	0	0	0	0	0	0	0	0		
																															
["YEAR_2020",*,*]: 	ELECTRICITY	GASOLINE	DIESEL	LFO	GAS	WOOD	WET_BIOMASS	COAL	URANIUM	WASTE	H2	AMMONIA	METHANOL	HVC	HEAT_HIGH_T	HEAT_LOW_T_DHN	HEAT_LOW_T_DECEN	MOB_PUBLIC	MOB_PRIVATE	MOB_FREIGHT_RAIL	MOB_FREIGHT_ROAD	MOB_FREIGHT_BOAT	RES_WIND	RES_SOLAR	RES_HYDRO	RES_GEO 	CO2_ATM 	CO2_INDUSTRY	CO2_CAPTURED	:=	
ELECTRICITY	1	0	0	0	0	0	0	0	0	0	0	0	0	0	0	0	0	0	0	0	0	0	0	0	0	0	0	0	0		
GASOLINE	0	1	0	0	0	0	0	0	0	0	0	0	0	0	0	0	0	0	0	0	0	0	0	0	0	0	0	0	0		
DIESEL	0	0	1	0	0	0	0	0	0	0	0	0	0	0	0	0	0	0	0	0	0	0	0	0	0	0	0	0	0		
BIOETHANOL	0	1	0	0	0	0	0	0	0	0	0	0	0	0	0	0	0	0	0	0	0	0	0	0	0	0	0	0	0		
BIODIESEL	0	0	1	0	0	0	0	0	0	0	0	0	0	0	0	0	0	0	0	0	0	0	0	0	0	0	0	0	0		
LFO	0	0	0	1	0	0	0	0	0	0	0	0	0	0	0	0	0	0	0	0	0	0	0	0	0	0	0	0	0		
GAS	0	0	0	0	1	0	0	0	0	0	0	0	0	0	0	0	0	0	0	0	0	0	0	0	0	0	0	0	0		
GAS_RE	0	0	0	0	1	0	0	0	0	0	0	0	0	0	0	0	0	0	0	0	0	0	0	0	0	0	0	0	0		
WOOD	0	0	0	0	0	1	0	0	0	0	0	0	0	0	0	0	0	0	0	0	0	0	0	0	0	0	0	0	0		
WET_BIOMASS	0	0	0	0	0	0	1	0	0	0	0	0	0	0	0	0	0	0	0	0	0	0	0	0	0	0	0	0	0		
COAL	0	0	0	0	0	0	0	1	0	0	0	0	0	0	0	0	0	0	0	0	0	0	0	0	0	0	0	0	0		
URANIUM	0	0	0	0	0	0	0	0	1	0	0	0	0	0	0	0	0	0	0	0	0	0	0	0	0	0	0	0	0		
WASTE	0	0	0	0	0	0	0	0	0	1	0	0	0	0	0	0	0	0	0	0	0	0	0	0	0	0	0	0	0		
H2	0	0	0	0	0	0	0	0	0	0	1	0	0	0	0	0	0	0	0	0	0	0	0	0	0	0	0	0	0		
H2_RE	0	0	0	0	0	0	0	0	0	0	1	0	0	0	0	0	0	0	0	0	0	0	0	0	0	0	0	0	0		
AMMONIA	0	0	0	0	0	0	0	0	0	0	0	1	0	0	0	0	0	0	0	0	0	0	0	0	0	0	0	0	0		
METHANOL	0	0	0	0	0	0	0	0	0	0	0	0	1	0	0	0	0	0	0	0	0	0	0	0	0	0	0	0	0		
AMMONIA_RE	0	0	0	0	0	0	0	0	0	0	0	1	0	0	0	0	0	0	0	0	0	0	0	0	0	0	0	0	0		
METHANOL_RE	0	0	0	0	0	0	0	0	0	0	0	0	1	0	0	0	0	0	0	0	0	0	0	0	0	0	0	0	0		
ELEC_EXPORT	-1	0	0	0	0	0	0	0	0	0	0	0	0	0	0	0	0	0	0	0	0	0	0	0	0	0	0	0	0		
CO2_EMISSIONS	0	0	0	0	0	0	0	0	0	0	0	0	0	0	0	0	0	0	0	0	0	0	0	0	0	0	0	-1	0		
RES_WIND 	0	0	0	0	0	0	0	0	0	0	0	0	0	0	0	0	0	0	0	0	0	0	1	0	0	0	0	0	0		
RES_SOLAR  	0	0	0	0	0	0	0	0	0	0	0	0	0	0	0	0	0	0	0	0	0	0	0	1	0	0	0	0	0		
RES_HYDRO 	0	0	0	0	0	0	0	0	0	0	0	0	0	0	0	0	0	0	0	0	0	0	0	0	1	0	0	0	0		
RES_GEO	0	0	0	0	0	0	0	0	0	0	0	0	0	0	0	0	0	0	0	0	0	0	0	0	0	1	0	0	0		
CO2_ATM 	0	0	0	0	0	0	0	0	0	0	0	0	0	0	0	0	0	0	0	0	0	0	0	0	0	0	1	0	0		
CO2_INDUSTRY	0	0	0	0	0	0	0	0	0	0	0	0	0	0	0	0	0	0	0	0	0	0	0	0	0	0	0	1	0		
CO2_CAPTURED	0	0	0	0	0	0	0	0	0	0	0	0	0	0	0	0	0	0	0	0	0	0	0	0	0	0	0	0	1		
NUCLEAR	1	0	0	0	0	0	0	0	-2.940914037	0	0	0	0	0	0	0	0	0	0	0	0	0	0	0	0	0	0	0	0		
NUCLEAR_SMR	1	0	0	0	0	0	0	0	-2.940914037	0	0	0	0	0	0	0	0	0	0	0	0	0	0	0	0	0	0	0	0		
CCGT	1	0	0	0	-1.654558475	0	0	0	0	0	0	0	0	0	0	0	0	0	0	0	0	0	0	0	0	0	0	0.31746	0		
CCGT_AMMONIA	1	0	0	0	0	0	0	0	0	0	0	-2.084745763	0	0	0	0	0	0	0	0	0	0	0	0	0	0	0	0	0		
COAL_US	1	0	0	0	0	0	0	-2.203853608	0	0	0	0	0	0	0	0	0	0	0	0	0	0	0	0	0	0	0	0.734688	0		
COAL_IGCC	1	0	0	0	0	0	0	-1.999861082	0	0	0	0	0	0	0	0	0	0	0	0	0	0	0	0	0	0	0	0.666684	0		
PV	1	0	0	0	0	0	0	0	0	0	0	0	0	0	0	0	0	0	0	0	0	0	0	-1	0	0	0	0	0		
WIND_ONSHORE	1	0	0	0	0	0	0	0	0	0	0	0	0	0	0	0	0	0	0	0	0	0	-1	0	0	0	0	0	0		
WIND_OFFSHORE	1	0	0	0	0	0	0	0	0	0	0	0	0	0	0	0	0	0	0	0	0	0	-1	0	0	0	0	0	0		
HYDRO_RIVER	1	0	0	0	0	0	0	0	0	0	0	0	0	0	0	0	0	0	0	0	0	0	0	0	-1	0	0	0	0		
GEOTHERMAL	1	0	0	0	0	0	0	0	0	0	0	0	0	0	0	0	0	0	0	0	0	0	0	0	0	-1	0	0	0		
IND_COGEN_GAS	0.9565	0	0	0	-2.19460381	0	0	0	0	0	0	0	0	0	1	0	0	0	0	0	0	0	0	0	0	0	0	0.43478	0		
IND_COGEN_WOOD	0.3396	0	0	0	0	-1.8868	0	0	0	0	0	0	0	0	1	0	0	0	0	0	0	0	0	0	0	0	0	0.735852	0		
IND_COGEN_WASTE	0.4444	0	0	0	0	0	0	0	0	-2.22884666	0	0	0	0	1	0	0	0	0	0	0	0	0	0	0	0	0	0.577772	0		
IND_BOILER_GAS	0	0	0	0	-1.088771429	0	0	0	0	0	0	0	0	0	1	0	0	0	0	0	0	0	0	0	0	0	0	0.2157	0		
IND_BOILER_WOOD	0	0	0	0	0	-1.167817143	0	0	0	0	0	0	0	0	1	0	0	0	0	0	0	0	0	0	0	0	0	0.451152	0		
IND_BOILER_OIL	0	0	0	-1.157015238	0	0	0	0	0	0	0	0	0	0	1	0	0	0	0	0	0	0	0	0	0	0	0	0.297986	0		
IND_BOILER_COAL	0	0	0	0	0	0	0	-1.231114286	0	0	0	0	0	0	1	0	0	0	0	0	0	0	0	0	0	0	0	0.43902	0		
IND_BOILER_WASTE	0	0	0	0	0	0	0	0	0	-1.231114286	0	0	0	0	1	0	0	0	0	0	0	0	0	0	0	0	0	0.31707	0		
IND_DIRECT_ELEC	-1	0	0	0	0	0	0	0	0	0	0	0	0	0	1	0	0	0	0	0	0	0	0	0	0	0	0	0	0		
DHN_HP_ELEC	-0.269097222	0	0	0	0	0	0	0	0	0	0	0	0	0	0	1	0	0	0	0	0	0	0	0	0	0	0	0	0		
DHN_COGEN_GAS	1.25	0	0	0	-2.523809524	0	0	0	0	0	0	0	0	0	0	1	0	0	0	0	0	0	0	0	0	0	0	0.5	0		
DHN_COGEN_WOOD	0.3396	0	0	0	0	-1.8868	0	0	0	0	0	0	0	0	0	1	0	0	0	0	0	0	0	0	0	0	0	0.735852	0		
DHN_COGEN_WASTE	0.4444	0	0	0	0	0	0	0	0	-2.22884666	0	0	0	0	0	1	0	0	0	0	0	0	0	0	0	0	0	0.577772	0		
DHN_COGEN_WET_BIOMASS	0.826446281	0	0	0	0	0	-6.399248535	0	0	0	0	0	0	0	0	1	0	0	0	0	0	0	0	0	0	0	0	2.488264463	0		
DHN_COGEN_BIO_HYDROLYSIS	0.758208955	0	0	0	0	0	-2.994003065	0	0	0	0	0	0	0	0	1	0	0	0	0	0	0	0	0	0	0	0	1.164179104	0		
DHN_BOILER_GAS	0	0	0	0	-1.088771429	0	0	0	0	0	0	0	0	0	0	1	0	0	0	0	0	0	0	0	0	0	0	0.2157	0		
DHN_BOILER_WOOD	0	0	0	0	0	-1.167817143	0	0	0	0	0	0	0	0	0	1	0	0	0	0	0	0	0	0	0	0	0	0.451152	0		
DHN_BOILER_OIL	0	0	0	-1.157015238	0	0	0	0	0	0	0	0	0	0	0	1	0	0	0	0	0	0	0	0	0	0	0	0.297986	0		
DHN_DEEP_GEO	0	0	0	0	0	0	0	0	0	0	0	0	0	0	0	1	0	0	0	0	0	0	0	0	0	-1	0	0	0		
DHN_SOLAR	0	0	0	0	0	0	0	0	0	0	0	0	0	0	0	1	0	0	0	0	0	0	0	-1	0	0	0	0	0		
DEC_HP_ELEC	-0.358760417	0	0	0	0	0	0	0	0	0	0	0	0	0	0	0	1	0	0	0	0	0	0	0	0	0	0	0	0		
DEC_THHP_GAS	0	0	0	0	-0.717628472	0	0	0	0	0	0	0	0	0	0	0	1	0	0	0	0	0	0	0	0	0	0	0	0		
DEC_COGEN_GAS	0.9565	0	0	0	-2.19460381	0	0	0	0	0	0	0	0	0	0	0	1	0	0	0	0	0	0	0	0	0	0	0	0		
DEC_COGEN_OIL	0.907	0	0	-2.347748571	0	0	0	0	0	0	0	0	0	0	0	0	1	0	0	0	0	0	0	0	0	0	0	0	0		
DEC_ADVCOGEN_GAS	2.6364	0	0	0	-4.5455	0	0	0	0	0	0	0	0	0	0	0	1	0	0	0	0	0	0	0	0	0	0	0	0		
DEC_ADVCOGEN_H2	2.6364	0	0	0	0	0	0	0	0	0	-4.5455	0	0	0	0	0	1	0	0	0	0	0	0	0	0	0	0	0	0		
DEC_BOILER_GAS	0	0	0	0	-1.121681905	0	0	0	0	0	0	0	0	0	0	0	1	0	0	0	0	0	0	0	0	0	0	0	0		
DEC_BOILER_WOOD	0	0	0	0	0	-1.187704762	0	0	0	0	0	0	0	0	0	0	1	0	0	0	0	0	0	0	0	0	0	0	0		
DEC_BOILER_OIL	0	0	0	-1.187704762	0	0	0	0	0	0	0	0	0	0	0	0	1	0	0	0	0	0	0	0	0	0	0	0	0		
DEC_SOLAR	0	0	0	0	0	0	0	0	0	0	0	0	0	0	0	0	1	0	0	0	0	0	0	-1	0	0	0	0	0		
DEC_DIRECT_ELEC	-1	0	0	0	0	0	0	0	0	0	0	0	0	0	0	0	1	0	0	0	0	0	0	0	0	0	0	0	0		
TRAMWAY_TROLLEY	-0.070382379	0	0	0	0	0	0	0	0	0	0	0	0	0	0	0	0	1	0	0	0	0	0	0	0	0	0	0	0		
BUS_COACH_DIESEL	0	0	-0.291325085	0	0	0	0	0	0	0	0	0	0	0	0	0	0	1	0	0	0	0	0	0	0	0	0	0	0		
BUS_COACH_HYDIESEL	0	0	-0.227465242	0	0	0	0	0	0	0	0	0	0	0	0	0	0	1	0	0	0	0	0	0	0	0	0	0	0		
BUS_COACH_CNG_STOICH	0	0	0	0	-0.299793805	0	0	0	0	0	0	0	0	0	0	0	0	1	0	0	0	0	0	0	0	0	0	0	0		
BUS_COACH_FC_HYBRIDH2	0	0	0	0	0	0	0	0	0	0	-0.274813655	0	0	0	0	0	0	1	0	0	0	0	0	0	0	0	0	0	0		
TRAIN_PUB	-0.072972451	0	0	0	0	0	0	0	0	0	0	0	0	0	0	0	0	1	0	0	0	0	0	0	0	0	0	0	0		
CAR_GASOLINE	0	-0.556152212	0	0	0	0	0	0	0	0	0	0	0	0	0	0	0	0	1	0	0	0	0	0	0	0	0	0	0		
CAR_DIESEL	0	0	-0.476983106	0	0	0	0	0	0	0	0	0	0	0	0	0	0	0	1	0	0	0	0	0	0	0	0	0	0		
CAR_NG	0	0	0	0	-0.385802469	0	0	0	0	0	0	0	0	0	0	0	0	0	1	0	0	0	0	0	0	0	0	0	0		
CAR_METHANOL	0	0	0	0	0	0	0	0	0	0	0	0	-0.514440796	0	0	0	0	0	1	0	0	0	0	0	0	0	0	0	0		
CAR_HEV	0	-0.386932528	0	0	0	0	0	0	0	0	0	0	0	0	0	0	0	0	1	0	0	0	0	0	0	0	0	0	0		
CAR_PHEV	-0.156843876	-0.123902102	0	0	0	0	0	0	0	0	0	0	0	0	0	0	0	0	1	0	0	0	0	0	0	0	0	0	0		
CAR_BEV	-0.195011338	0	0	0	0	0	0	0	0	0	0	0	0	0	0	0	0	0	1	0	0	0	0	0	0	0	0	0	0		
CAR_FUEL_CELL	0	0	0	0	0	0	0	0	0	0	-0.253127992	0	0	0	0	0	0	0	1	0	0	0	0	0	0	0	0	0	0		
TRAIN_FREIGHT	-0.076913864	0	0	0	0	0	0	0	0	0	0	0	0	0	0	0	0	0	0	1	0	0	0	0	0	0	0	0	0		
BOAT_FREIGHT_DIESEL	0	0	-0.11740785	0	0	0	0	0	0	0	0	0	0	0	0	0	0	0	0	0	0	1	0	0	0	0	0	0	0		
BOAT_FREIGHT_NG	0	0	0	0	-0.13769469	0	0	0	0	0	0	0	0	0	0	0	0	0	0	0	0	1	0	0	0	0	0	0	0		
BOAT_FREIGHT_METHANOL	0	0	0	0	0	0	0	0	0	0	0	0	-0.134964164	0	0	0	0	0	0	0	0	1	0	0	0	0	0	0	0		
TRUCK_DIESEL	0	0	-0.56246041	0	0	0	0	0	0	0	0	0	0	0	0	0	0	0	0	0	1	0	0	0	0	0	0	0	0		
TRUCK_METHANOL	0	0	0	0	0	0	0	0	0	0	0	0	-0.646566639	0	0	0	0	0	0	0	1	0	0	0	0	0	0	0	0		
TRUCK_FUEL_CELL	0	0	0	0	0	0	0	0	0	0	-0.536221766	0	0	0	0	0	0	0	0	0	1	0	0	0	0	0	0	0	0		
TRUCK_ELEC	-0.280403399	0	0	0	0	0	0	0	0	0	0	0	0	0	0	0	0	0	0	0	1	0	0	0	0	0	0	0	0		
TRUCK_NG	0	0	0	0	-0.660486726	0	0	0	0	0	0	0	0	0	0	0	0	0	0	0	1	0	0	0	0	0	0	0	0		
EFFICIENCY	0	0	0	0	0	0	0	0	0	0	0	0	0	0	0	0	0	0	0	0	0	0	0	0	0	0	0	0	0		
DHN	0	0	0	0	0	0	0	0	0	0	0	0	0	0	0	0	0	0	0	0	0	0	0	0	0	0	0	0	0		
GRID	0	0	0	0	0	0	0	0	0	0	0	0	0	0	0	0	0	0	0	0	0	0	0	0	0	0	0	0	0		
H2_ELECTROLYSIS	-1.118421053	0	0	0	0	0	0	0	0	0	1	0	0	0	-0.197368421	0.039473684	0	0	0	0	0	0	0	0	0	0	0	0	0		
SMR	0	0	0	0	-1.3646	0	0	0	0	0	1	0	0	0	0	0	0	0	0	0	0	0	0	0	0	0	0	0.27292	0		
H2_BIOMASS	0	0	0	0	0	-2.325418548	0	0	0	0	1	0	0	0	0	0	0	0	0	0	0	0	0	0	0	0	0	0.901719	0		
GASIFICATION_SNG	0	0	0	0	1	-1.660297917	0	0	0	0	0	0	0	0	0	0.338	0	0	0	0	0	0	0	0	0	0	0	0.400015	0		
SYN_METHANATION	0	0	0	0	1	0	0	0	0	0	-1.2	0	0	0	0	0.295	0	0	0	0	0	0	0	0	0	0	0	0	-0.2		
BIOMETHANATION	0	0	0	0	1	0	-3.3462	0	0	0	0	0	0	0	0	0	0	0	0	0	0	0	0	0	0	0	0	1.105018	0		
BIO_HYDROLYSIS	0.094562648	0	0	0	1	0	-2.364066194	0	0	0	0	0	0	0	0	0	0	0	0	0	0	0	0	0	0	0	0	0.721985816	0		
PYROLYSIS_TO_LFO	0.0238	0	0	1	0	-1.510350346	0	0	0	0	0	0	0	0	0	0	0	0	0	0	0	0	0	0	0	0	0	0.325663	0		
PYROLYSIS_TO_FUELS	0.0256	1	0.456	0	0	-2.552619816	0	0	0	0	0	0	0	0	0	0	0	0	0	0	0	0	0	0	0	0	0	0.6167	0		
ATM_CCS	-1.3	0	0	0	0	0	0	0	0	0	0	0	0	0	0	0	0	0	0	0	0	0	0	0	0	0	-1	0	1		
INDUSTRY_CCS	-0.233	0	0	0	0	0	0	0	0	0	0	0	0	0	0	0	0	0	0	0	0	0	0	0	0	0	0	-1	0.9		
SYN_METHANOLATION	-0.035219277	0	0	0	0	0	0	0	0	0	-1.29068292	0	1	0	0	0.083090672	0	0	0	0	0	0	0	0	0	0	0	0	-0.245703295
METHANE_TO_METHANOL	0	0	0	0	-1.529051988	0	0	0	0	0	0	0	1	0	0	0	0	0	0	0	0	0	0	0	0	0	0	0.060107103	0
BIOMASS_TO_METHANOL	0.032258	0	0	0	0	-1.622190899	0	0	0	0	0	0	1	0	0	0.35484	0	0	0	0	0	0	0	0	0	0	0	0.383327705	0		
HABER_BOSCH	-0.122553192	0	0	0	0	0	0	0	0	0	-1.13	1	0	0	0	0.134042253	0	0	0	0	0	0	0	0	0	0	0	0	0		
AMMONIA_TO_H2	0	0	0	0	0	0	0	0	0	0	1	-1.636736115	0	0	-0.15	0.1	0	0	0	0	0	0	0	0	0	0	0	0	0		
OIL_TO_HVC	-0.0211887	0	0	-1.818181818	0	0	0	0	0	0	0	0	0	1	-0.017222222	0	0	0	0	0	0	0	0	0	0	0	0	0.212727273	0		
GAS_TO_HVC	-0.470588235	0	0	0	-2.793650794	0	0	0	0	0	0	0	0	1	0	0	0	0	0	0	0	0	0	0	0	0	0	0.298730159	0		
BIOMASS_TO_HVC	-0.0286	0	0	0	0	-2.394715438	0	0	0	0	0	0	0	1	-0.052	0	0	0	0	0	0	0	0	0	0	0	0	0.66859	0		
METHANOL_TO_HVC	0	0	0	0	0	0	0	0	0	0	0	0	-1.241155343	1	-0.33	0	0	0	0	0	0	0	0	0	0	0	0	0	0		
																															
["YEAR_2025",*,*]: 	ELECTRICITY	GASOLINE	DIESEL	LFO	GAS	WOOD	WET_BIOMASS	COAL	URANIUM	WASTE	H2	AMMONIA	METHANOL	HVC	HEAT_HIGH_T	HEAT_LOW_T_DHN	HEAT_LOW_T_DECEN	MOB_PUBLIC	MOB_PRIVATE	MOB_FREIGHT_RAIL	MOB_FREIGHT_ROAD	MOB_FREIGHT_BOAT	RES_WIND	RES_SOLAR	RES_HYDRO	RES_GEO 	CO2_ATM 	CO2_INDUSTRY	CO2_CAPTURED	:=	
ELECTRICITY	1	0	0	0	0	0	0	0	0	0	0	0	0	0	0	0	0	0	0	0	0	0	0	0	0	0	0	0	0		
GASOLINE	0	1	0	0	0	0	0	0	0	0	0	0	0	0	0	0	0	0	0	0	0	0	0	0	0	0	0	0	0		
DIESEL	0	0	1	0	0	0	0	0	0	0	0	0	0	0	0	0	0	0	0	0	0	0	0	0	0	0	0	0	0		
BIOETHANOL	0	1	0	0	0	0	0	0	0	0	0	0	0	0	0	0	0	0	0	0	0	0	0	0	0	0	0	0	0		
BIODIESEL	0	0	1	0	0	0	0	0	0	0	0	0	0	0	0	0	0	0	0	0	0	0	0	0	0	0	0	0	0		
LFO	0	0	0	1	0	0	0	0	0	0	0	0	0	0	0	0	0	0	0	0	0	0	0	0	0	0	0	0	0		
GAS	0	0	0	0	1	0	0	0	0	0	0	0	0	0	0	0	0	0	0	0	0	0	0	0	0	0	0	0	0		
GAS_RE	0	0	0	0	1	0	0	0	0	0	0	0	0	0	0	0	0	0	0	0	0	0	0	0	0	0	0	0	0		
WOOD	0	0	0	0	0	1	0	0	0	0	0	0	0	0	0	0	0	0	0	0	0	0	0	0	0	0	0	0	0		
WET_BIOMASS	0	0	0	0	0	0	1	0	0	0	0	0	0	0	0	0	0	0	0	0	0	0	0	0	0	0	0	0	0		
COAL	0	0	0	0	0	0	0	1	0	0	0	0	0	0	0	0	0	0	0	0	0	0	0	0	0	0	0	0	0		
URANIUM	0	0	0	0	0	0	0	0	1	0	0	0	0	0	0	0	0	0	0	0	0	0	0	0	0	0	0	0	0		
WASTE	0	0	0	0	0	0	0	0	0	1	0	0	0	0	0	0	0	0	0	0	0	0	0	0	0	0	0	0	0		
H2	0	0	0	0	0	0	0	0	0	0	1	0	0	0	0	0	0	0	0	0	0	0	0	0	0	0	0	0	0		
H2_RE	0	0	0	0	0	0	0	0	0	0	1	0	0	0	0	0	0	0	0	0	0	0	0	0	0	0	0	0	0		
AMMONIA	0	0	0	0	0	0	0	0	0	0	0	1	0	0	0	0	0	0	0	0	0	0	0	0	0	0	0	0	0		
METHANOL	0	0	0	0	0	0	0	0	0	0	0	0	1	0	0	0	0	0	0	0	0	0	0	0	0	0	0	0	0		
AMMONIA_RE	0	0	0	0	0	0	0	0	0	0	0	1	0	0	0	0	0	0	0	0	0	0	0	0	0	0	0	0	0		
METHANOL_RE	0	0	0	0	0	0	0	0	0	0	0	0	1	0	0	0	0	0	0	0	0	0	0	0	0	0	0	0	0		
ELEC_EXPORT	-1	0	0	0	0	0	0	0	0	0	0	0	0	0	0	0	0	0	0	0	0	0	0	0	0	0	0	0	0		
CO2_EMISSIONS	0	0	0	0	0	0	0	0	0	0	0	0	0	0	0	0	0	0	0	0	0	0	0	0	0	0	0	-1	0		
RES_WIND 	0	0	0	0	0	0	0	0	0	0	0	0	0	0	0	0	0	0	0	0	0	0	1	0	0	0	0	0	0		
RES_SOLAR  	0	0	0	0	0	0	0	0	0	0	0	0	0	0	0	0	0	0	0	0	0	0	0	1	0	0	0	0	0		
RES_HYDRO 	0	0	0	0	0	0	0	0	0	0	0	0	0	0	0	0	0	0	0	0	0	0	0	0	1	0	0	0	0		
RES_GEO	0	0	0	0	0	0	0	0	0	0	0	0	0	0	0	0	0	0	0	0	0	0	0	0	0	1	0	0	0		
CO2_ATM 	0	0	0	0	0	0	0	0	0	0	0	0	0	0	0	0	0	0	0	0	0	0	0	0	0	0	1	0	0		
CO2_INDUSTRY	0	0	0	0	0	0	0	0	0	0	0	0	0	0	0	0	0	0	0	0	0	0	0	0	0	0	0	1	0		
CO2_CAPTURED	0	0	0	0	0	0	0	0	0	0	0	0	0	0	0	0	0	0	0	0	0	0	0	0	0	0	0	0	1		
NUCLEAR	1	0	0	0	0	0	0	0	-2.856976744	0	0	0	0	0	0	0	0	0	0	0	0	0	0	0	0	0	0	0	0		
NUCLEAR_SMR	1	0	0	0	0	0	0	0	-2.856976744	0	0	0	0	0	0	0	0	0	0	0	0	0	0	0	0	0	0	0	0		
CCGT	1	0	0	0	-1.6269825	0	0	0	0	0	0	0	0	0	0	0	0	0	0	0	0	0	0	0	0	0	0	0.31746	0		
CCGT_AMMONIA	1	0	0	0	0	0	0	0	0	0	0	-2.05	0	0	0	0	0	0	0	0	0	0	0	0	0	0	0	0	0		
COAL_US	1	0	0	0	0	0	0	-2.127102488	0	0	0	0	0	0	0	0	0	0	0	0	0	0	0	0	0	0	0	0.734688	0		
COAL_IGCC	1	0	0	0	0	0	0	-1.930214179	0	0	0	0	0	0	0	0	0	0	0	0	0	0	0	0	0	0	0	0.666684	0		
PV	1	0	0	0	0	0	0	0	0	0	0	0	0	0	0	0	0	0	0	0	0	0	0	-1	0	0	0	0	0		
WIND_ONSHORE	1	0	0	0	0	0	0	0	0	0	0	0	0	0	0	0	0	0	0	0	0	0	-1	0	0	0	0	0	0		
WIND_OFFSHORE	1	0	0	0	0	0	0	0	0	0	0	0	0	0	0	0	0	0	0	0	0	0	-1	0	0	0	0	0	0		
HYDRO_RIVER	1	0	0	0	0	0	0	0	0	0	0	0	0	0	0	0	0	0	0	0	0	0	0	0	-1	0	0	0	0		
GEOTHERMAL	1	0	0	0	0	0	0	0	0	0	0	0	0	0	0	0	0	0	0	0	0	0	0	0	0	-1	0	0	0		
IND_COGEN_GAS	0.9565	0	0	0	-2.184202844	0	0	0	0	0	0	0	0	0	1	0	0	0	0	0	0	0	0	0	0	0	0	0.43478	0		
IND_COGEN_WOOD	0.3396	0	0	0	0	-1.8868	0	0	0	0	0	0	0	0	1	0	0	0	0	0	0	0	0	0	0	0	0	0.735852	0		
IND_COGEN_WASTE	0.4444	0	0	0	0	0	0	0	0	-2.226626693	0	0	0	0	1	0	0	0	0	0	0	0	0	0	0	0	0	0.577772	0		
IND_BOILER_GAS	0	0	0	0	-1.083611374	0	0	0	0	0	0	0	0	0	1	0	0	0	0	0	0	0	0	0	0	0	0	0.2157	0		
IND_BOILER_WOOD	0	0	0	0	0	-1.162282464	0	0	0	0	0	0	0	0	1	0	0	0	0	0	0	0	0	0	0	0	0	0.451152	0		
IND_BOILER_OIL	0	0	0	-1.151531754	0	0	0	0	0	0	0	0	0	0	1	0	0	0	0	0	0	0	0	0	0	0	0	0.297986	0		
IND_BOILER_COAL	0	0	0	0	0	0	0	-1.225279621	0	0	0	0	0	0	1	0	0	0	0	0	0	0	0	0	0	0	0	0.43902	0		
IND_BOILER_WASTE	0	0	0	0	0	0	0	0	0	-1.225279621	0	0	0	0	1	0	0	0	0	0	0	0	0	0	0	0	0	0.31707	0		
IND_DIRECT_ELEC	-1	0	0	0	0	0	0	0	0	0	0	0	0	0	1	0	0	0	0	0	0	0	0	0	0	0	0	0	0		
DHN_HP_ELEC	-0.261824324	0	0	0	0	0	0	0	0	0	0	0	0	0	0	1	0	0	0	0	0	0	0	0	0	0	0	0	0		
DHN_COGEN_GAS	1.25	0	0	0	-2.511848341	0	0	0	0	0	0	0	0	0	0	1	0	0	0	0	0	0	0	0	0	0	0	0.5	0		
DHN_COGEN_WOOD	0.3396	0	0	0	0	-1.8868	0	0	0	0	0	0	0	0	0	1	0	0	0	0	0	0	0	0	0	0	0	0.735852	0		
DHN_COGEN_WASTE	0.4444	0	0	0	0	0	0	0	0	-2.226626693	0	0	0	0	0	1	0	0	0	0	0	0	0	0	0	0	0	0.577772	0		
DHN_COGEN_WET_BIOMASS	0.826446281	0	0	0	0	0	-6.392874782	0	0	0	0	0	0	0	0	1	0	0	0	0	0	0	0	0	0	0	0	2.488264463	0		
DHN_COGEN_BIO_HYDROLYSIS	0.758208955	0	0	0	0	0	-2.99102099	0	0	0	0	0	0	0	0	1	0	0	0	0	0	0	0	0	0	0	0	1.164179104	0		
DHN_BOILER_GAS	0	0	0	0	-1.083611374	0	0	0	0	0	0	0	0	0	0	1	0	0	0	0	0	0	0	0	0	0	0	0.2157	0		
DHN_BOILER_WOOD	0	0	0	0	0	-1.162282464	0	0	0	0	0	0	0	0	0	1	0	0	0	0	0	0	0	0	0	0	0	0.451152	0		
DHN_BOILER_OIL	0	0	0	-1.151531754	0	0	0	0	0	0	0	0	0	0	0	1	0	0	0	0	0	0	0	0	0	0	0	0.297986	0		
DHN_DEEP_GEO	0	0	0	0	0	0	0	0	0	0	0	0	0	0	0	1	0	0	0	0	0	0	0	0	0	-1	0	0	0		
DHN_SOLAR	0	0	0	0	0	0	0	0	0	0	0	0	0	0	0	1	0	0	0	0	0	0	0	-1	0	0	0	0	0		
DEC_HP_ELEC	-0.349064189	0	0	0	0	0	0	0	0	0	0	0	0	0	0	0	1	0	0	0	0	0	0	0	0	0	0	0	0		
DEC_THHP_GAS	0	0	0	0	-0.698233108	0	0	0	0	0	0	0	0	0	0	0	1	0	0	0	0	0	0	0	0	0	0	0	0		
DEC_COGEN_GAS	0.9565	0	0	0	-2.184202844	0	0	0	0	0	0	0	0	0	0	0	1	0	0	0	0	0	0	0	0	0	0	0	0		
DEC_COGEN_OIL	0.907	0	0	-2.336621801	0	0	0	0	0	0	0	0	0	0	0	0	1	0	0	0	0	0	0	0	0	0	0	0	0		
DEC_ADVCOGEN_GAS	2.6364	0	0	0	-4.5455	0	0	0	0	0	0	0	0	0	0	0	1	0	0	0	0	0	0	0	0	0	0	0	0		
DEC_ADVCOGEN_H2	2.6364	0	0	0	0	0	0	0	0	0	-4.5455	0	0	0	0	0	1	0	0	0	0	0	0	0	0	0	0	0	0		
DEC_BOILER_GAS	0	0	0	0	-1.116365877	0	0	0	0	0	0	0	0	0	0	0	1	0	0	0	0	0	0	0	0	0	0	0	0		
DEC_BOILER_WOOD	0	0	0	0	0	-1.182075829	0	0	0	0	0	0	0	0	0	0	1	0	0	0	0	0	0	0	0	0	0	0	0		
DEC_BOILER_OIL	0	0	0	-1.182075829	0	0	0	0	0	0	0	0	0	0	0	0	1	0	0	0	0	0	0	0	0	0	0	0	0		
DEC_SOLAR	0	0	0	0	0	0	0	0	0	0	0	0	0	0	0	0	1	0	0	0	0	0	0	-1	0	0	0	0	0		
DEC_DIRECT_ELEC	-1	0	0	0	0	0	0	0	0	0	0	0	0	0	0	0	1	0	0	0	0	0	0	0	0	0	0	0	0		
TRAMWAY_TROLLEY	-0.067542918	0	0	0	0	0	0	0	0	0	0	0	0	0	0	0	0	1	0	0	0	0	0	0	0	0	0	0	0		
BUS_COACH_DIESEL	0	0	-0.282176033	0	0	0	0	0	0	0	0	0	0	0	0	0	0	1	0	0	0	0	0	0	0	0	0	0	0		
BUS_COACH_HYDIESEL	0	0	-0.216595221	0	0	0	0	0	0	0	0	0	0	0	0	0	0	1	0	0	0	0	0	0	0	0	0	0	0		
BUS_COACH_CNG_STOICH	0	0	0	0	-0.28831234	0	0	0	0	0	0	0	0	0	0	0	0	1	0	0	0	0	0	0	0	0	0	0	0		
BUS_COACH_FC_HYBRIDH2	0	0	0	0	0	0	0	0	0	0	-0.256142105	0	0	0	0	0	0	1	0	0	0	0	0	0	0	0	0	0	0		
TRAIN_PUB	-0.070028498	0	0	0	0	0	0	0	0	0	0	0	0	0	0	0	0	1	0	0	0	0	0	0	0	0	0	0	0		
CAR_GASOLINE	0	-0.534852766	0	0	0	0	0	0	0	0	0	0	0	0	0	0	0	0	1	0	0	0	0	0	0	0	0	0	0		
CAR_DIESEL	0	0	-0.462003471	0	0	0	0	0	0	0	0	0	0	0	0	0	0	0	1	0	0	0	0	0	0	0	0	0	0		
CAR_NG	0	0	0	0	-0.371027055	0	0	0	0	0	0	0	0	0	0	0	0	0	1	0	0	0	0	0	0	0	0	0	0		
CAR_METHANOL	0	0	0	0	0	0	0	0	0	0	0	0	-0.494738809	0	0	0	0	0	1	0	0	0	0	0	0	0	0	0	0		
CAR_HEV	0	-0.368441947	0	0	0	0	0	0	0	0	0	0	0	0	0	0	0	0	1	0	0	0	0	0	0	0	0	0	0		
CAR_PHEV	-0.149857817	-0.118383319	0	0	0	0	0	0	0	0	0	0	0	0	0	0	0	0	1	0	0	0	0	0	0	0	0	0	0		
CAR_BEV	-0.183673469	0	0	0	0	0	0	0	0	0	0	0	0	0	0	0	0	0	1	0	0	0	0	0	0	0	0	0	0		
CAR_FUEL_CELL	0	0	0	0	0	0	0	0	0	0	-0.241793903	0	0	0	0	0	0	0	1	0	0	0	0	0	0	0	0	0	0		
TRAIN_FREIGHT	-0.073810901	0	0	0	0	0	0	0	0	0	0	0	0	0	0	0	0	0	0	1	0	0	0	0	0	0	0	0	0		
BOAT_FREIGHT_DIESEL	0	0	-0.113720661	0	0	0	0	0	0	0	0	0	0	0	0	0	0	0	0	0	0	1	0	0	0	0	0	0	0		
BOAT_FREIGHT_NG	0	0	0	0	-0.132421277	0	0	0	0	0	0	0	0	0	0	0	0	0	0	0	0	1	0	0	0	0	0	0	0		
BOAT_FREIGHT_METHANOL	0	0	0	0	0	0	0	0	0	0	0	0	-0.13072562	0	0	0	0	0	0	0	0	1	0	0	0	0	0	0	0		
TRUCK_DIESEL	0	0	-0.544796364	0	0	0	0	0	0	0	0	0	0	0	0	0	0	0	0	0	1	0	0	0	0	0	0	0	0		
TRUCK_METHANOL	0	0	0	0	0	0	0	0	0	0	0	0	-0.62626124	0	0	0	0	0	0	0	1	0	0	0	0	0	0	0	0		
TRUCK_FUEL_CELL	0	0	0	0	0	0	0	0	0	0	-0.499789474	0	0	0	0	0	0	0	0	0	1	0	0	0	0	0	0	0	0		
TRUCK_ELEC	-0.269090987	0	0	0	0	0	0	0	0	0	0	0	0	0	0	0	0	0	0	0	1	0	0	0	0	0	0	0	0		
TRUCK_NG	0	0	0	0	-0.635191489	0	0	0	0	0	0	0	0	0	0	0	0	0	0	0	1	0	0	0	0	0	0	0	0		
EFFICIENCY	0	0	0	0	0	0	0	0	0	0	0	0	0	0	0	0	0	0	0	0	0	0	0	0	0	0	0	0	0		
DHN	0	0	0	0	0	0	0	0	0	0	0	0	0	0	0	0	0	0	0	0	0	0	0	0	0	0	0	0	0		
GRID	0	0	0	0	0	0	0	0	0	0	0	0	0	0	0	0	0	0	0	0	0	0	0	0	0	0	0	0	0		
H2_ELECTROLYSIS	-1.096774194	0	0	0	0	0	0	0	0	0	1	0	0	0	-0.193620919	0.029230513	0	0	0	0	0	0	0	0	0	0	0	0	0		
SMR	0	0	0	0	-1.3646	0	0	0	0	0	1	0	0	0	0	0	0	0	0	0	0	0	0	0	0	0	0	0.27292	0		
H2_BIOMASS	0	0	0	0	0	-2.325418548	0	0	0	0	1	0	0	0	0	0	0	0	0	0	0	0	0	0	0	0	0	0.901719	0		
GASIFICATION_SNG	0	0	0	0	1	-1.619802846	0	0	0	0	0	0	0	0	0	0.338	0	0	0	0	0	0	0	0	0	0	0	0.400015	0		
SYN_METHANATION	0	0	0	0	1	0	0	0	0	0	-1.2	0	0	0	0	0.295	0	0	0	0	0	0	0	0	0	0	0	0	-0.2		
BIOMETHANATION	0	0	0	0	1	0	-3.3462	0	0	0	0	0	0	0	0	0	0	0	0	0	0	0	0	0	0	0	0	1.105018	0		
BIO_HYDROLYSIS	0.094562648	0	0	0	1	0	-2.364066194	0	0	0	0	0	0	0	0	0	0	0	0	0	0	0	0	0	0	0	0	0.721985816	0		
PYROLYSIS_TO_LFO	0.0238	0	0	1	0	-1.510350346	0	0	0	0	0	0	0	0	0	0	0	0	0	0	0	0	0	0	0	0	0	0.325663	0		
PYROLYSIS_TO_FUELS	0.0256	1	0.456	0	0	-2.552619816	0	0	0	0	0	0	0	0	0	0	0	0	0	0	0	0	0	0	0	0	0	0.6167	0		
ATM_CCS	-1.3	0	0	0	0	0	0	0	0	0	0	0	0	0	0	0	0	0	0	0	0	0	0	0	0	0	-1	0	1		
INDUSTRY_CCS	-0.233	0	0	0	0	0	0	0	0	0	0	0	0	0	0	0	0	0	0	0	0	0	0	0	0	0	0	-1	0.9		
SYN_METHANOLATION	-0.0348	0	0	0	0	0	0	0	0	0	-1.275317647	0	1	0	0	0.083090672	0	0	0	0	0	0	0	0	0	0	0	0	-0.245703295		
METHANE_TO_METHANOL	0	0	0	0	-1.529051988	0	0	0	0	0	0	0	1	0	0	0	0	0	0	0	0	0	0	0	0	0	0	0.060107103	0		
BIOMASS_TO_METHANOL	0.032258	0	0	0	0	-1.622190899	0	0	0	0	0	0	1	0	0	0.35484	0	0	0	0	0	0	0	0	0	0	0	0.383327705	0		
HABER_BOSCH	-0.122553192	0	0	0	0	0	0	0	0	0	-1.13	1	0	0	0	0.134042253	0	0	0	0	0	0	0	0	0	0	0	0	0		
AMMONIA_TO_H2	0	0	0	0	0	0	0	0	0	0	1	-1.596815722	0	0	-0.15	0.1	0	0	0	0	0	0	0	0	0	0	0	0	0		
OIL_TO_HVC	-0.0211887	0	0	-1.818181818	0	0	0	0	0	0	0	0	0	1	-0.017222222	0	0	0	0	0	0	0	0	0	0	0	0	0.212727273	0		
GAS_TO_HVC	-0.470588235	0	0	0	-2.793650794	0	0	0	0	0	0	0	0	1	0	0	0	0	0	0	0	0	0	0	0	0	0	0.298730159	0		
BIOMASS_TO_HVC	-0.0286	0	0	0	0	-2.394715438	0	0	0	0	0	0	0	1	-0.052	0	0	0	0	0	0	0	0	0	0	0	0	0.66859	0		
METHANOL_TO_HVC	0	0	0	0	0	0	0	0	0	0	0	0	-1.241155343	1	-0.33	0	0	0	0	0	0	0	0	0	0	0	0	0	0		
																															
["YEAR_2030",*,*]: 	ELECTRICITY	GASOLINE	DIESEL	LFO	GAS	WOOD	WET_BIOMASS	COAL	URANIUM	WASTE	H2	AMMONIA	METHANOL	HVC	HEAT_HIGH_T	HEAT_LOW_T_DHN	HEAT_LOW_T_DECEN	MOB_PUBLIC	MOB_PRIVATE	MOB_FREIGHT_RAIL	MOB_FREIGHT_ROAD	MOB_FREIGHT_BOAT	RES_WIND	RES_SOLAR	RES_HYDRO	RES_GEO 	CO2_ATM 	CO2_INDUSTRY	CO2_CAPTURED	:=	
ELECTRICITY	1	0	0	0	0	0	0	0	0	0	0	0	0	0	0	0	0	0	0	0	0	0	0	0	0	0	0	0	0		
GASOLINE	0	1	0	0	0	0	0	0	0	0	0	0	0	0	0	0	0	0	0	0	0	0	0	0	0	0	0	0	0		
DIESEL	0	0	1	0	0	0	0	0	0	0	0	0	0	0	0	0	0	0	0	0	0	0	0	0	0	0	0	0	0		
BIOETHANOL	0	1	0	0	0	0	0	0	0	0	0	0	0	0	0	0	0	0	0	0	0	0	0	0	0	0	0	0	0		
BIODIESEL	0	0	1	0	0	0	0	0	0	0	0	0	0	0	0	0	0	0	0	0	0	0	0	0	0	0	0	0	0		
LFO	0	0	0	1	0	0	0	0	0	0	0	0	0	0	0	0	0	0	0	0	0	0	0	0	0	0	0	0	0		
GAS	0	0	0	0	1	0	0	0	0	0	0	0	0	0	0	0	0	0	0	0	0	0	0	0	0	0	0	0	0		
GAS_RE	0	0	0	0	1	0	0	0	0	0	0	0	0	0	0	0	0	0	0	0	0	0	0	0	0	0	0	0	0		
WOOD	0	0	0	0	0	1	0	0	0	0	0	0	0	0	0	0	0	0	0	0	0	0	0	0	0	0	0	0	0		
WET_BIOMASS	0	0	0	0	0	0	1	0	0	0	0	0	0	0	0	0	0	0	0	0	0	0	0	0	0	0	0	0	0		
COAL	0	0	0	0	0	0	0	1	0	0	0	0	0	0	0	0	0	0	0	0	0	0	0	0	0	0	0	0	0		
URANIUM	0	0	0	0	0	0	0	0	1	0	0	0	0	0	0	0	0	0	0	0	0	0	0	0	0	0	0	0	0		
WASTE	0	0	0	0	0	0	0	0	0	1	0	0	0	0	0	0	0	0	0	0	0	0	0	0	0	0	0	0	0		
H2	0	0	0	0	0	0	0	0	0	0	1	0	0	0	0	0	0	0	0	0	0	0	0	0	0	0	0	0	0		
H2_RE	0	0	0	0	0	0	0	0	0	0	1	0	0	0	0	0	0	0	0	0	0	0	0	0	0	0	0	0	0		
AMMONIA	0	0	0	0	0	0	0	0	0	0	0	1	0	0	0	0	0	0	0	0	0	0	0	0	0	0	0	0	0		
METHANOL	0	0	0	0	0	0	0	0	0	0	0	0	1	0	0	0	0	0	0	0	0	0	0	0	0	0	0	0	0		
AMMONIA_RE	0	0	0	0	0	0	0	0	0	0	0	1	0	0	0	0	0	0	0	0	0	0	0	0	0	0	0	0	0		
METHANOL_RE	0	0	0	0	0	0	0	0	0	0	0	0	1	0	0	0	0	0	0	0	0	0	0	0	0	0	0	0	0		
ELEC_EXPORT	-1	0	0	0	0	0	0	0	0	0	0	0	0	0	0	0	0	0	0	0	0	0	0	0	0	0	0	0	0		
CO2_EMISSIONS	0	0	0	0	0	0	0	0	0	0	0	0	0	0	0	0	0	0	0	0	0	0	0	0	0	0	0	-1	0		
RES_WIND 	0	0	0	0	0	0	0	0	0	0	0	0	0	0	0	0	0	0	0	0	0	0	1	0	0	0	0	0	0		
RES_SOLAR  	0	0	0	0	0	0	0	0	0	0	0	0	0	0	0	0	0	0	0	0	0	0	0	1	0	0	0	0	0		
RES_HYDRO 	0	0	0	0	0	0	0	0	0	0	0	0	0	0	0	0	0	0	0	0	0	0	0	0	1	0	0	0	0		
RES_GEO	0	0	0	0	0	0	0	0	0	0	0	0	0	0	0	0	0	0	0	0	0	0	0	0	0	1	0	0	0		
CO2_ATM 	0	0	0	0	0	0	0	0	0	0	0	0	0	0	0	0	0	0	0	0	0	0	0	0	0	0	1	0	0		
CO2_INDUSTRY	0	0	0	0	0	0	0	0	0	0	0	0	0	0	0	0	0	0	0	0	0	0	0	0	0	0	0	1	0		
CO2_CAPTURED	0	0	0	0	0	0	0	0	0	0	0	0	0	0	0	0	0	0	0	0	0	0	0	0	0	0	0	0	1		
NUCLEAR	1	0	0	0	0	0	0	0	-2.777697842	0	0	0	0	0	0	0	0	0	0	0	0	0	0	0	0	0	0	0	0		
NUCLEAR_SMR	1	0	0	0	0	0	0	0	-2.777697842	0	0	0	0	0	0	0	0	0	0	0	0	0	0	0	0	0	0	0	0		
CCGT	1	0	0	0	-1.600310656	0	0	0	0	0	0	0	0	0	0	0	0	0	0	0	0	0	0	0	0	0	0	0.31746	0		
CCGT_AMMONIA	1	0	0	0	0	0	0	0	0	0	0	-2.016393443	0	0	0	0	0	0	0	0	0	0	0	0	0	0	0	0	0		
COAL_US	1	0	0	0	0	0	0	-2.055517308	0	0	0	0	0	0	0	0	0	0	0	0	0	0	0	0	0	0	0	0.734688	0		
COAL_IGCC	1	0	0	0	0	0	0	-1.865255048	0	0	0	0	0	0	0	0	0	0	0	0	0	0	0	0	0	0	0	0.666684	0		
PV	1	0	0	0	0	0	0	0	0	0	0	0	0	0	0	0	0	0	0	0	0	0	0	-1	0	0	0	0	0		
WIND_ONSHORE	1	0	0	0	0	0	0	0	0	0	0	0	0	0	0	0	0	0	0	0	0	0	-1	0	0	0	0	0	0		
WIND_OFFSHORE	1	0	0	0	0	0	0	0	0	0	0	0	0	0	0	0	0	0	0	0	0	0	-1	0	0	0	0	0	0		
HYDRO_RIVER	1	0	0	0	0	0	0	0	0	0	0	0	0	0	0	0	0	0	0	0	0	0	0	0	-1	0	0	0	0		
GEOTHERMAL	1	0	0	0	0	0	0	0	0	0	0	0	0	0	0	0	0	0	0	0	0	0	0	0	0	-1	0	0	0		
IND_COGEN_GAS	0.9565	0	0	0	-2.1739	0	0	0	0	0	0	0	0	0	1	0	0	0	0	0	0	0	0	0	0	0	0	0.43478	0		
IND_COGEN_WOOD	0.3396	0	0	0	0	-1.8868	0	0	0	0	0	0	0	0	1	0	0	0	0	0	0	0	0	0	0	0	0	0.735852	0		
IND_COGEN_WASTE	0.4444	0	0	0	0	0	0	0	0	-2.224411144	0	0	0	0	1	0	0	0	0	0	0	0	0	0	0	0	0	0.577772	0		
IND_BOILER_GAS	0	0	0	0	-1.0785	0	0	0	0	0	0	0	0	0	1	0	0	0	0	0	0	0	0	0	0	0	0	0.2157	0		
IND_BOILER_WOOD	0	0	0	0	0	-1.1568	0	0	0	0	0	0	0	0	1	0	0	0	0	0	0	0	0	0	0	0	0	0.451152	0		
IND_BOILER_OIL	0	0	0	-1.1461	0	0	0	0	0	0	0	0	0	0	1	0	0	0	0	0	0	0	0	0	0	0	0	0.297986	0		
IND_BOILER_COAL	0	0	0	0	0	0	0	-1.2195	0	0	0	0	0	0	1	0	0	0	0	0	0	0	0	0	0	0	0	0.43902	0		
IND_BOILER_WASTE	0	0	0	0	0	0	0	0	0	-1.2195	0	0	0	0	1	0	0	0	0	0	0	0	0	0	0	0	0	0.31707	0		
IND_DIRECT_ELEC	-1	0	0	0	0	0	0	0	0	0	0	0	0	0	1	0	0	0	0	0	0	0	0	0	0	0	0	0	0		
DHN_HP_ELEC	-0.254934211	0	0	0	0	0	0	0	0	0	0	0	0	0	0	1	0	0	0	0	0	0	0	0	0	0	0	0	0		
DHN_COGEN_GAS	1.25	0	0	0	-2.5	0	0	0	0	0	0	0	0	0	0	1	0	0	0	0	0	0	0	0	0	0	0	0.5	0		
DHN_COGEN_WOOD	0.3396	0	0	0	0	-1.8868	0	0	0	0	0	0	0	0	0	1	0	0	0	0	0	0	0	0	0	0	0	0.735852	0		
DHN_COGEN_WASTE	0.4444	0	0	0	0	0	0	0	0	-2.224411144	0	0	0	0	0	1	0	0	0	0	0	0	0	0	0	0	0	0.577772	0		
DHN_COGEN_WET_BIOMASS	0.826446281	0	0	0	0	0	-6.386513712	0	0	0	0	0	0	0	0	1	0	0	0	0	0	0	0	0	0	0	0	2.488264463	0		
DHN_COGEN_BIO_HYDROLYSIS	0.758208955	0	0	0	0	0	-2.98804485	0	0	0	0	0	0	0	0	1	0	0	0	0	0	0	0	0	0	0	0	1.164179104	0		
DHN_BOILER_GAS	0	0	0	0	-1.0785	0	0	0	0	0	0	0	0	0	0	1	0	0	0	0	0	0	0	0	0	0	0	0.2157	0		
DHN_BOILER_WOOD	0	0	0	0	0	-1.1568	0	0	0	0	0	0	0	0	0	1	0	0	0	0	0	0	0	0	0	0	0	0.451152	0		
DHN_BOILER_OIL	0	0	0	-1.1461	0	0	0	0	0	0	0	0	0	0	0	1	0	0	0	0	0	0	0	0	0	0	0	0.297986	0		
DHN_DEEP_GEO	0	0	0	0	0	0	0	0	0	0	0	0	0	0	0	1	0	0	0	0	0	0	0	0	0	-1	0	0	0		
DHN_SOLAR	0	0	0	0	0	0	0	0	0	0	0	0	0	0	0	1	0	0	0	0	0	0	0	-1	0	0	0	0	0		
DEC_HP_ELEC	-0.339878289	0	0	0	0	0	0	0	0	0	0	0	0	0	0	0	1	0	0	0	0	0	0	0	0	0	0	0	0		
DEC_THHP_GAS	0	0	0	0	-0.679858553	0	0	0	0	0	0	0	0	0	0	0	1	0	0	0	0	0	0	0	0	0	0	0	0		
DEC_COGEN_GAS	0.9565	0	0	0	-2.1739	0	0	0	0	0	0	0	0	0	0	0	1	0	0	0	0	0	0	0	0	0	0	0	0		
DEC_COGEN_OIL	0.907	0	0	-2.3256	0	0	0	0	0	0	0	0	0	0	0	0	1	0	0	0	0	0	0	0	0	0	0	0	0		
DEC_ADVCOGEN_GAS	2.6364	0	0	0	-4.5455	0	0	0	0	0	0	0	0	0	0	0	1	0	0	0	0	0	0	0	0	0	0	0	0		
DEC_ADVCOGEN_H2	2.6364	0	0	0	0	0	0	0	0	0	-4.5455	0	0	0	0	0	1	0	0	0	0	0	0	0	0	0	0	0	0		
DEC_BOILER_GAS	0	0	0	0	-1.1111	0	0	0	0	0	0	0	0	0	0	0	1	0	0	0	0	0	0	0	0	0	0	0	0		
DEC_BOILER_WOOD	0	0	0	0	0	-1.1765	0	0	0	0	0	0	0	0	0	0	1	0	0	0	0	0	0	0	0	0	0	0	0		
DEC_BOILER_OIL	0	0	0	-1.1765	0	0	0	0	0	0	0	0	0	0	0	0	1	0	0	0	0	0	0	0	0	0	0	0	0		
DEC_SOLAR	0	0	0	0	0	0	0	0	0	0	0	0	0	0	0	0	1	0	0	0	0	0	0	-1	0	0	0	0	0		
DEC_DIRECT_ELEC	-1	0	0	0	0	0	0	0	0	0	0	0	0	0	0	0	1	0	0	0	0	0	0	0	0	0	0	0	0		
TRAMWAY_TROLLEY	-0.06492368	0	0	0	0	0	0	0	0	0	0	0	0	0	0	0	0	1	0	0	0	0	0	0	0	0	0	0	0		
BUS_COACH_DIESEL	0	0	-0.273584135	0	0	0	0	0	0	0	0	0	0	0	0	0	0	1	0	0	0	0	0	0	0	0	0	0	0		
BUS_COACH_HYDIESEL	0	0	-0.206716723	0	0	0	0	0	0	0	0	0	0	0	0	0	0	1	0	0	0	0	0	0	0	0	0	0	0		
BUS_COACH_CNG_STOICH	0	0	0	0	-0.277677869	0	0	0	0	0	0	0	0	0	0	0	0	1	0	0	0	0	0	0	0	0	0	0	0		
BUS_COACH_FC_HYBRIDH2	0	0	0	0	0	0	0	0	0	0	-0.239846326	0	0	0	0	0	0	1	0	0	0	0	0	0	0	0	0	0	0		
TRAIN_PUB	-0.067312871	0	0	0	0	0	0	0	0	0	0	0	0	0	0	0	0	1	0	0	0	0	0	0	0	0	0	0	0		
CAR_GASOLINE	0	-0.51512459	0	0	0	0	0	0	0	0	0	0	0	0	0	0	0	0	1	0	0	0	0	0	0	0	0	0	0		
CAR_DIESEL	0	0	-0.447936058	0	0	0	0	0	0	0	0	0	0	0	0	0	0	0	1	0	0	0	0	0	0	0	0	0	0		
CAR_NG	0	0	0	0	-0.357341631	0	0	0	0	0	0	0	0	0	0	0	0	0	1	0	0	0	0	0	0	0	0	0	0		
CAR_METHANOL	0	0	0	0	0	0	0	0	0	0	0	0	-0.476490246	0	0	0	0	0	1	0	0	0	0	0	0	0	0	0	0		
CAR_HEV	0	-0.351638007	0	0	0	0	0	0	0	0	0	0	0	0	0	0	0	0	1	0	0	0	0	0	0	0	0	0	0		
CAR_PHEV	-0.143467559	-0.113335201	0	0	0	0	0	0	0	0	0	0	0	0	0	0	0	0	1	0	0	0	0	0	0	0	0	0	0		
CAR_BEV	-0.172335601	0	0	0	0	0	0	0	0	0	0	0	0	0	0	0	0	0	1	0	0	0	0	0	0	0	0	0	0		
CAR_FUEL_CELL	0	0	0	0	0	0	0	0	0	0	-0.230459814	0	0	0	0	0	0	0	1	0	0	0	0	0	0	0	0	0	0		
TRAIN_FREIGHT	-0.070948597	0	0	0	0	0	0	0	0	0	0	0	0	0	0	0	0	0	0	1	0	0	0	0	0	0	0	0	0		
BOAT_FREIGHT_DIESEL	0	0	-0.110258013	0	0	0	0	0	0	0	0	0	0	0	0	0	0	0	0	0	0	1	0	0	0	0	0	0	0		
BOAT_FREIGHT_NG	0	0	0	0	-0.127536885	0	0	0	0	0	0	0	0	0	0	0	0	0	0	0	0	1	0	0	0	0	0	0	0		
BOAT_FREIGHT_METHANOL	0	0	0	0	0	0	0	0	0	0	0	0	-0.126745192	0	0	0	0	0	0	0	0	1	0	0	0	0	0	0	0		
TRUCK_DIESEL	0	0	-0.528208013	0	0	0	0	0	0	0	0	0	0	0	0	0	0	0	0	0	1	0	0	0	0	0	0	0	0		
TRUCK_METHANOL	0	0	0	0	0	0	0	0	0	0	0	0	-0.607192389	0	0	0	0	0	0	0	1	0	0	0	0	0	0	0	0		
TRUCK_FUEL_CELL	0	0	0	0	0	0	0	0	0	0	-0.467992832	0	0	0	0	0	0	0	0	0	1	0	0	0	0	0	0	0	0		
TRUCK_ELEC	-0.258655941	0	0	0	0	0	0	0	0	0	0	0	0	0	0	0	0	0	0	0	1	0	0	0	0	0	0	0	0		
TRUCK_NG	0	0	0	0	-0.611762295	0	0	0	0	0	0	0	0	0	0	0	0	0	0	0	1	0	0	0	0	0	0	0	0		
EFFICIENCY	0	0	0	0	0	0	0	0	0	0	0	0	0	0	0	0	0	0	0	0	0	0	0	0	0	0	0	0	0		
DHN	0	0	0	0	0	0	0	0	0	0	0	0	0	0	0	0	0	0	0	0	0	0	0	0	0	0	0	0	0		
GRID	0	0	0	0	0	0	0	0	0	0	0	0	0	0	0	0	0	0	0	0	0	0	0	0	0	0	0	0	0		
H2_ELECTROLYSIS	-1.075949367	0	0	0	0	0	0	0	0	0	1	0	0	0	-0.189873418	0.018987342	0	0	0	0	0	0	0	0	0	0	0	0	0		
SMR	0	0	0	0	-1.3646	0	0	0	0	0	1	0	0	0	0	0	0	0	0	0	0	0	0	0	0	0	0	0.27292	0		
H2_BIOMASS	0	0	0	0	0	-2.325418548	0	0	0	0	1	0	0	0	0	0	0	0	0	0	0	0	0	0	0	0	0	0.901719	0		
GASIFICATION_SNG	0	0	0	0	1	-1.581236111	0	0	0	0	0	0	0	0	0	0.338	0	0	0	0	0	0	0	0	0	0	0	0.400015	0		
SYN_METHANATION	0	0	0	0	1	0	0	0	0	0	-1.2	0	0	0	0	0.295	0	0	0	0	0	0	0	0	0	0	0	0	-0.2		
BIOMETHANATION	0	0	0	0	1	0	-3.3462	0	0	0	0	0	0	0	0	0	0	0	0	0	0	0	0	0	0	0	0	1.105018	0		
BIO_HYDROLYSIS	0.094562648	0	0	0	1	0	-2.364066194	0	0	0	0	0	0	0	0	0	0	0	0	0	0	0	0	0	0	0	0	0.721985816	0		
PYROLYSIS_TO_LFO	0.0238	0	0	1	0	-1.510350346	0	0	0	0	0	0	0	0	0	0	0	0	0	0	0	0	0	0	0	0	0	0.325663	0		
PYROLYSIS_TO_FUELS	0.0256	1	0.456	0	0	-2.552619816	0	0	0	0	0	0	0	0	0	0	0	0	0	0	0	0	0	0	0	0	0	0.6167	0		
ATM_CCS	-1.3	0	0	0	0	0	0	0	0	0	0	0	0	0	0	0	0	0	0	0	0	0	0	0	0	0	-1	0	1		
INDUSTRY_CCS	-0.233	0	0	0	0	0	0	0	0	0	0	0	0	0	0	0	0	0	0	0	0	0	0	0	0	0	0	-1	0.9		
SYN_METHANOLATION	-0.034395349	0	0	0	0	0	0	0	0	0	-1.260488372	0	1	0	0	0.083090672	0	0	0	0	0	0	0	0	0	0	0	0	-0.245703295		
METHANE_TO_METHANOL	0	0	0	0	-1.529051988	0	0	0	0	0	0	0	1	0	0	0	0	0	0	0	0	0	0	0	0	0	0	0.060107103	0
BIOMASS_TO_METHANOL	0.032258	0	0	0	0	-1.622190899	0	0	0	0	0	0	1	0	0	0.35484	0	0	0	0	0	0	0	0	0	0	0	0.383327705	0		
HABER_BOSCH	-0.122553192	0	0	0	0	0	0	0	0	0	-1.13	1	0	0	0	0.134042253	0	0	0	0	0	0	0	0	0	0	0	0	0		
AMMONIA_TO_H2	0	0	0	0	0	0	0	0	0	0	1	-1.5587963	0	0	-0.15	0.1	0	0	0	0	0	0	0	0	0	0	0	0	0		
OIL_TO_HVC	-0.0211887	0	0	-1.818181818	0	0	0	0	0	0	0	0	0	1	-0.017222222	0	0	0	0	0	0	0	0	0	0	0	0	0.212727273	0		
GAS_TO_HVC	-0.470588235	0	0	0	-2.793650794	0	0	0	0	0	0	0	0	1	0	0	0	0	0	0	0	0	0	0	0	0	0	0.298730159	0		
BIOMASS_TO_HVC	-0.0286	0	0	0	0	-2.394715438	0	0	0	0	0	0	0	1	-0.052	0	0	0	0	0	0	0	0	0	0	0	0	0.66859	0		
METHANOL_TO_HVC	0	0	0	0	0	0	0	0	0	0	0	0	-1.241155343	1	-0.33	0	0	0	0	0	0	0	0	0	0	0	0	0	0		
																															
["YEAR_2035",*,*]: 	ELECTRICITY	GASOLINE	DIESEL	LFO	GAS	WOOD	WET_BIOMASS	COAL	URANIUM	WASTE	H2	AMMONIA	METHANOL	HVC	HEAT_HIGH_T	HEAT_LOW_T_DHN	HEAT_LOW_T_DECEN	MOB_PUBLIC	MOB_PRIVATE	MOB_FREIGHT_RAIL	MOB_FREIGHT_ROAD	MOB_FREIGHT_BOAT	RES_WIND	RES_SOLAR	RES_HYDRO	RES_GEO 	CO2_ATM 	CO2_INDUSTRY	CO2_CAPTURED	:=	
ELECTRICITY	1	0	0	0	0	0	0	0	0	0	0	0	0	0	0	0	0	0	0	0	0	0	0	0	0	0	0	0	0		
GASOLINE	0	1	0	0	0	0	0	0	0	0	0	0	0	0	0	0	0	0	0	0	0	0	0	0	0	0	0	0	0		
DIESEL	0	0	1	0	0	0	0	0	0	0	0	0	0	0	0	0	0	0	0	0	0	0	0	0	0	0	0	0	0		
BIOETHANOL	0	1	0	0	0	0	0	0	0	0	0	0	0	0	0	0	0	0	0	0	0	0	0	0	0	0	0	0	0		
BIODIESEL	0	0	1	0	0	0	0	0	0	0	0	0	0	0	0	0	0	0	0	0	0	0	0	0	0	0	0	0	0		
LFO	0	0	0	1	0	0	0	0	0	0	0	0	0	0	0	0	0	0	0	0	0	0	0	0	0	0	0	0	0		
GAS	0	0	0	0	1	0	0	0	0	0	0	0	0	0	0	0	0	0	0	0	0	0	0	0	0	0	0	0	0		
GAS_RE	0	0	0	0	1	0	0	0	0	0	0	0	0	0	0	0	0	0	0	0	0	0	0	0	0	0	0	0	0		
WOOD	0	0	0	0	0	1	0	0	0	0	0	0	0	0	0	0	0	0	0	0	0	0	0	0	0	0	0	0	0		
WET_BIOMASS	0	0	0	0	0	0	1	0	0	0	0	0	0	0	0	0	0	0	0	0	0	0	0	0	0	0	0	0	0		
COAL	0	0	0	0	0	0	0	1	0	0	0	0	0	0	0	0	0	0	0	0	0	0	0	0	0	0	0	0	0		
URANIUM	0	0	0	0	0	0	0	0	1	0	0	0	0	0	0	0	0	0	0	0	0	0	0	0	0	0	0	0	0		
WASTE	0	0	0	0	0	0	0	0	0	1	0	0	0	0	0	0	0	0	0	0	0	0	0	0	0	0	0	0	0		
H2	0	0	0	0	0	0	0	0	0	0	1	0	0	0	0	0	0	0	0	0	0	0	0	0	0	0	0	0	0		
H2_RE	0	0	0	0	0	0	0	0	0	0	1	0	0	0	0	0	0	0	0	0	0	0	0	0	0	0	0	0	0		
AMMONIA	0	0	0	0	0	0	0	0	0	0	0	1	0	0	0	0	0	0	0	0	0	0	0	0	0	0	0	0	0		
METHANOL	0	0	0	0	0	0	0	0	0	0	0	0	1	0	0	0	0	0	0	0	0	0	0	0	0	0	0	0	0		
AMMONIA_RE	0	0	0	0	0	0	0	0	0	0	0	1	0	0	0	0	0	0	0	0	0	0	0	0	0	0	0	0	0		
METHANOL_RE	0	0	0	0	0	0	0	0	0	0	0	0	1	0	0	0	0	0	0	0	0	0	0	0	0	0	0	0	0		
ELEC_EXPORT	-1	0	0	0	0	0	0	0	0	0	0	0	0	0	0	0	0	0	0	0	0	0	0	0	0	0	0	0	0		
CO2_EMISSIONS	0	0	0	0	0	0	0	0	0	0	0	0	0	0	0	0	0	0	0	0	0	0	0	0	0	0	0	-1	0		
RES_WIND 	0	0	0	0	0	0	0	0	0	0	0	0	0	0	0	0	0	0	0	0	0	0	1	0	0	0	0	0	0		
RES_SOLAR  	0	0	0	0	0	0	0	0	0	0	0	0	0	0	0	0	0	0	0	0	0	0	0	1	0	0	0	0	0		
RES_HYDRO 	0	0	0	0	0	0	0	0	0	0	0	0	0	0	0	0	0	0	0	0	0	0	0	0	1	0	0	0	0		
RES_GEO	0	0	0	0	0	0	0	0	0	0	0	0	0	0	0	0	0	0	0	0	0	0	0	0	0	1	0	0	0		
CO2_ATM 	0	0	0	0	0	0	0	0	0	0	0	0	0	0	0	0	0	0	0	0	0	0	0	0	0	0	1	0	0		
CO2_INDUSTRY	0	0	0	0	0	0	0	0	0	0	0	0	0	0	0	0	0	0	0	0	0	0	0	0	0	0	0	1	0		
CO2_CAPTURED	0	0	0	0	0	0	0	0	0	0	0	0	0	0	0	0	0	0	0	0	0	0	0	0	0	0	0	0	1		
NUCLEAR	1	0	0	0	0	0	0	0	-2.7027	0	0	0	0	0	0	0	0	0	0	0	0	0	0	0	0	0	0	0	0		
NUCLEAR_SMR	1	0	0	0	0	0	0	0	-2.7027	0	0	0	0	0	0	0	0	0	0	0	0	0	0	0	0	0	0	0	0		
CCGT	1	0	0	0	-1.5873	0	0	0	0	0	0	0	0	0	0	0	0	0	0	0	0	0	0	0	0	0	0	0.31746	0		
CCGT_AMMONIA	1	0	0	0	0	0	0	0	0	0	0	-2	0	0	0	0	0	0	0	0	0	0	0	0	0	0	0	0	0		
COAL_US	1	0	0	0	0	0	0	-2.0408	0	0	0	0	0	0	0	0	0	0	0	0	0	0	0	0	0	0	0	0.734688	0		
COAL_IGCC	1	0	0	0	0	0	0	-1.8519	0	0	0	0	0	0	0	0	0	0	0	0	0	0	0	0	0	0	0	0.666684	0		
PV	1	0	0	0	0	0	0	0	0	0	0	0	0	0	0	0	0	0	0	0	0	0	0	-1	0	0	0	0	0		
WIND_ONSHORE	1	0	0	0	0	0	0	0	0	0	0	0	0	0	0	0	0	0	0	0	0	0	-1	0	0	0	0	0	0		
WIND_OFFSHORE	1	0	0	0	0	0	0	0	0	0	0	0	0	0	0	0	0	0	0	0	0	0	-1	0	0	0	0	0	0		
HYDRO_RIVER	1	0	0	0	0	0	0	0	0	0	0	0	0	0	0	0	0	0	0	0	0	0	0	0	-1	0	0	0	0		
GEOTHERMAL	1	0	0	0	0	0	0	0	0	0	0	0	0	0	0	0	0	0	0	0	0	0	0	0	0	-1	0	0	0		
IND_COGEN_GAS	0.9565	0	0	0	-2.1739	0	0	0	0	0	0	0	0	0	1	0	0	0	0	0	0	0	0	0	0	0	0	0.43478	0		
IND_COGEN_WOOD	0.3396	0	0	0	0	-1.8868	0	0	0	0	0	0	0	0	1	0	0	0	0	0	0	0	0	0	0	0	0	0.735852	0		
IND_COGEN_WASTE	0.4444	0	0	0	0	0	0	0	0	-2.2222	0	0	0	0	1	0	0	0	0	0	0	0	0	0	0	0	0	0.577772	0		
IND_BOILER_GAS	0	0	0	0	-1.0785	0	0	0	0	0	0	0	0	0	1	0	0	0	0	0	0	0	0	0	0	0	0	0.2157	0		
IND_BOILER_WOOD	0	0	0	0	0	-1.1568	0	0	0	0	0	0	0	0	1	0	0	0	0	0	0	0	0	0	0	0	0	0.451152	0		
IND_BOILER_OIL	0	0	0	-1.1461	0	0	0	0	0	0	0	0	0	0	1	0	0	0	0	0	0	0	0	0	0	0	0	0.297986	0		
IND_BOILER_COAL	0	0	0	0	0	0	0	-1.2195	0	0	0	0	0	0	1	0	0	0	0	0	0	0	0	0	0	0	0	0.43902	0		
IND_BOILER_WASTE	0	0	0	0	0	0	0	0	0	-1.2195	0	0	0	0	1	0	0	0	0	0	0	0	0	0	0	0	0	0.31707	0		
IND_DIRECT_ELEC	-1	0	0	0	0	0	0	0	0	0	0	0	0	0	1	0	0	0	0	0	0	0	0	0	0	0	0	0	0		
DHN_HP_ELEC	-0.25	0	0	0	0	0	0	0	0	0	0	0	0	0	0	1	0	0	0	0	0	0	0	0	0	0	0	0	0		
DHN_COGEN_GAS	1.25	0	0	0	-2.5	0	0	0	0	0	0	0	0	0	0	1	0	0	0	0	0	0	0	0	0	0	0	0.5	0		
DHN_COGEN_WOOD	0.3396	0	0	0	0	-1.8868	0	0	0	0	0	0	0	0	0	1	0	0	0	0	0	0	0	0	0	0	0	0.735852	0		
DHN_COGEN_WASTE	0.4444	0	0	0	0	0	0	0	0	-2.2222	0	0	0	0	0	1	0	0	0	0	0	0	0	0	0	0	0	0.577772	0		
DHN_COGEN_WET_BIOMASS	0.826446281	0	0	0	0	0	-6.380165289	0	0	0	0	0	0	0	0	1	0	0	0	0	0	0	0	0	0	0	0	2.488264463	0		
DHN_COGEN_BIO_HYDROLYSIS	0.758208955	0	0	0	0	0	-2.985074626	0	0	0	0	0	0	0	0	1	0	0	0	0	0	0	0	0	0	0	0	1.164179104	0		
DHN_BOILER_GAS	0	0	0	0	-1.0785	0	0	0	0	0	0	0	0	0	0	1	0	0	0	0	0	0	0	0	0	0	0	0.2157	0		
DHN_BOILER_WOOD	0	0	0	0	0	-1.1568	0	0	0	0	0	0	0	0	0	1	0	0	0	0	0	0	0	0	0	0	0	0.451152	0		
DHN_BOILER_OIL	0	0	0	-1.1461	0	0	0	0	0	0	0	0	0	0	0	1	0	0	0	0	0	0	0	0	0	0	0	0.297986	0		
DHN_DEEP_GEO	0	0	0	0	0	0	0	0	0	0	0	0	0	0	0	1	0	0	0	0	0	0	0	0	0	-1	0	0	0		
DHN_SOLAR	0	0	0	0	0	0	0	0	0	0	0	0	0	0	0	1	0	0	0	0	0	0	0	-1	0	0	0	0	0		
DEC_HP_ELEC	-0.3333	0	0	0	0	0	0	0	0	0	0	0	0	0	0	0	1	0	0	0	0	0	0	0	0	0	0	0	0		
DEC_THHP_GAS	0	0	0	0	-0.6667	0	0	0	0	0	0	0	0	0	0	0	1	0	0	0	0	0	0	0	0	0	0	0	0		
DEC_COGEN_GAS	0.9565	0	0	0	-2.1739	0	0	0	0	0	0	0	0	0	0	0	1	0	0	0	0	0	0	0	0	0	0	0	0		
DEC_COGEN_OIL	0.907	0	0	-2.3256	0	0	0	0	0	0	0	0	0	0	0	0	1	0	0	0	0	0	0	0	0	0	0	0	0		
DEC_ADVCOGEN_GAS	2.6364	0	0	0	-4.5455	0	0	0	0	0	0	0	0	0	0	0	1	0	0	0	0	0	0	0	0	0	0	0	0		
DEC_ADVCOGEN_H2	2.6364	0	0	0	0	0	0	0	0	0	-4.5455	0	0	0	0	0	1	0	0	0	0	0	0	0	0	0	0	0	0		
DEC_BOILER_GAS	0	0	0	0	-1.1111	0	0	0	0	0	0	0	0	0	0	0	1	0	0	0	0	0	0	0	0	0	0	0	0		
DEC_BOILER_WOOD	0	0	0	0	0	-1.1765	0	0	0	0	0	0	0	0	0	0	1	0	0	0	0	0	0	0	0	0	0	0	0		
DEC_BOILER_OIL	0	0	0	-1.1765	0	0	0	0	0	0	0	0	0	0	0	0	1	0	0	0	0	0	0	0	0	0	0	0	0		
DEC_SOLAR	0	0	0	0	0	0	0	0	0	0	0	0	0	0	0	0	1	0	0	0	0	0	0	-1	0	0	0	0	0		
DEC_DIRECT_ELEC	-1	0	0	0	0	0	0	0	0	0	0	0	0	0	0	0	1	0	0	0	0	0	0	0	0	0	0	0	0		
TRAMWAY_TROLLEY	-0.0625	0	0	0	0	0	0	0	0	0	0	0	0	0	0	0	0	1	0	0	0	0	0	0	0	0	0	0	0		
BUS_COACH_DIESEL	0	0	-0.2655	0	0	0	0	0	0	0	0	0	0	0	0	0	0	1	0	0	0	0	0	0	0	0	0	0	0		
BUS_COACH_HYDIESEL	0	0	-0.1977	0	0	0	0	0	0	0	0	0	0	0	0	0	0	1	0	0	0	0	0	0	0	0	0	0	0		
BUS_COACH_CNG_STOICH	0	0	0	0	-0.2678	0	0	0	0	0	0	0	0	0	0	0	0	1	0	0	0	0	0	0	0	0	0	0	0		
BUS_COACH_FC_HYBRIDH2	0	0	0	0	0	0	0	0	0	0	-0.2255	0	0	0	0	0	0	1	0	0	0	0	0	0	0	0	0	0	0		
TRAIN_PUB	-0.0648	0	0	0	0	0	0	0	0	0	0	0	0	0	0	0	0	1	0	0	0	0	0	0	0	0	0	0	0		
CAR_GASOLINE	0	-0.4968	0	0	0	0	0	0	0	0	0	0	0	0	0	0	0	0	1	0	0	0	0	0	0	0	0	0	0		
CAR_DIESEL	0	0	-0.4347	0	0	0	0	0	0	0	0	0	0	0	0	0	0	0	1	0	0	0	0	0	0	0	0	0	0		
CAR_NG	0	0	0	0	-0.344629873	0	0	0	0	0	0	0	0	0	0	0	0	0	1	0	0	0	0	0	0	0	0	0	0		
CAR_METHANOL	0	0	0	0	0	0	0	0	0	0	0	0	-0.45954	0	0	0	0	0	1	0	0	0	0	0	0	0	0	0	0		
CAR_HEV	0	-0.3363	0	0	0	0	0	0	0	0	0	0	0	0	0	0	0	0	1	0	0	0	0	0	0	0	0	0	0		
CAR_PHEV	-0.1376	-0.1087	0	0	0	0	0	0	0	0	0	0	0	0	0	0	0	0	1	0	0	0	0	0	0	0	0	0	0		
CAR_BEV	-0.160997732	0	0	0	0	0	0	0	0	0	0	0	0	0	0	0	0	0	1	0	0	0	0	0	0	0	0	0	0		
CAR_FUEL_CELL	0	0	0	0	0	0	0	0	0	0	-0.219125724	0	0	0	0	0	0	0	1	0	0	0	0	0	0	0	0	0	0		
TRAIN_FREIGHT	-0.0683	0	0	0	0	0	0	0	0	0	0	0	0	0	0	0	0	0	0	1	0	0	0	0	0	0	0	0	0		
BOAT_FREIGHT_DIESEL	0	0	-0.107	0	0	0	0	0	0	0	0	0	0	0	0	0	0	0	0	0	0	1	0	0	0	0	0	0	0		
BOAT_FREIGHT_NG	0	0	0	0	-0.123	0	0	0	0	0	0	0	0	0	0	0	0	0	0	0	0	1	0	0	0	0	0	0	0		
BOAT_FREIGHT_METHANOL	0	0	0	0	0	0	0	0	0	0	0	0	-0.123	0	0	0	0	0	0	0	0	1	0	0	0	0	0	0	0		
TRUCK_DIESEL	0	0	-0.5126	0	0	0	0	0	0	0	0	0	0	0	0	0	0	0	0	0	1	0	0	0	0	0	0	0	0		
TRUCK_METHANOL	0	0	0	0	0	0	0	0	0	0	0	0	-0.589250467	0	0	0	0	0	0	0	1	0	0	0	0	0	0	0	0		
TRUCK_FUEL_CELL	0	0	0	0	0	0	0	0	0	0	-0.44	0	0	0	0	0	0	0	0	0	1	0	0	0	0	0	0	0	0		
TRUCK_ELEC	-0.249	0	0	0	0	0	0	0	0	0	0	0	0	0	0	0	0	0	0	0	1	0	0	0	0	0	0	0	0		
TRUCK_NG	0	0	0	0	-0.59	0	0	0	0	0	0	0	0	0	0	0	0	0	0	0	1	0	0	0	0	0	0	0	0		
EFFICIENCY	0	0	0	0	0	0	0	0	0	0	0	0	0	0	0	0	0	0	0	0	0	0	0	0	0	0	0	0	0		
DHN	0	0	0	0	0	0	0	0	0	0	0	0	0	0	0	0	0	0	0	0	0	0	0	0	0	0	0	0	0		
GRID	0	0	0	0	0	0	0	0	0	0	0	0	0	0	0	0	0	0	0	0	0	0	0	0	0	0	0	0	0		
H2_ELECTROLYSIS	-1.075949367	0	0	0	0	0	0	0	0	0	1	0	0	0	-0.189873418	0.018987342	0	0	0	0	0	0	0	0	0	0	0	0	0		
SMR	0	0	0	0	-1.3646	0	0	0	0	0	1	0	0	0	0	0	0	0	0	0	0	0	0	0	0	0	0	0.27292	0		
H2_BIOMASS	0	0	0	0	0	-2.3121	0	0	0	0	1	0	0	0	0	0	0	0	0	0	0	0	0	0	0	0	0	0.901719	0		
GASIFICATION_SNG	0	0	0	0	1	-1.5385	0	0	0	0	0	0	0	0	0	0.338	0	0	0	0	0	0	0	0	0	0	0	0.400015	0		
SYN_METHANATION	0	0	0	0	1	0	0	0	0	0	-1.2	0	0	0	0	0.295	0	0	0	0	0	0	0	0	0	0	0	0	-0.2		
BIOMETHANATION	0	0	0	0	1	0	-3.3462	0	0	0	0	0	0	0	0	0	0	0	0	0	0	0	0	0	0	0	0	1.105018	0		
BIO_HYDROLYSIS	0.094562648	0	0	0	1	0	-2.364066194	0	0	0	0	0	0	0	0	0	0	0	0	0	0	0	0	0	0	0	0	0.721985816	0		
PYROLYSIS_TO_LFO	0.0238	0	0	1	0	-1.5017	0	0	0	0	0	0	0	0	0	0	0	0	0	0	0	0	0	0	0	0	0	0.325663	0		
PYROLYSIS_TO_FUELS	0.0256	1	0.456	0	0	-2.538	0	0	0	0	0	0	0	0	0	0	0	0	0	0	0	0	0	0	0	0	0	0.6167	0		
ATM_CCS	-1.3	0	0	0	0	0	0	0	0	0	0	0	0	0	0	0	0	0	0	0	0	0	0	0	0	0	-1	0	1		
INDUSTRY_CCS	-0.233	0	0	0	0	0	0	0	0	0	0	0	0	0	0	0	0	0	0	0	0	0	0	0	0	0	0	-1	0.9		
SYN_METHANOLATION	-0.034	0	0	0	0	0	0	0	0	0	-1.246	0	1	0	0	0.083090672	0	0	0	0	0	0	0	0	0	0	0	0	-0.245703295		
METHANE_TO_METHANOL	0	0	0	0	-1.529051988	0	0	0	0	0	0	0	1	0	0	0	0	0	0	0	0	0	0	0	0	0	0	0.060107103	0		
BIOMASS_TO_METHANOL	0.032258	0	0	0	0	-1.6129	0	0	0	0	0	0	1	0	0	0.35484	0	0	0	0	0	0	0	0	0	0	0	0.383327705	0		
HABER_BOSCH	-0.122553192	0	0	0	0	0	0	0	0	0	-1.13	1	0	0	0	0.134042253	0	0	0	0	0	0	0	0	0	0	0	0	0		
AMMONIA_TO_H2	0	0	0	0	0	0	0	0	0	0	1	-1.51666667	0	0	-0.15	0.1	0	0	0	0	0	0	0	0	0	0	0	0	0		
OIL_TO_HVC	-0.0211887	0	0	-1.818181818	0	0	0	0	0	0	0	0	0	1	-0.017222222	0	0	0	0	0	0	0	0	0	0	0	0	0.212727273	0		
GAS_TO_HVC	-0.470588235	0	0	0	-2.793650794	0	0	0	0	0	0	0	0	1	0	0	0	0	0	0	0	0	0	0	0	0	0	0.298730159	0		
BIOMASS_TO_HVC	-0.0286	0	0	0	0	-2.381	0	0	0	0	0	0	0	1	-0.052	0	0	0	0	0	0	0	0	0	0	0	0	0.66859	0		
METHANOL_TO_HVC	0	0	0	0	0	0	0	0	0	0	0	0	-1.241155343	1	-0.33	0	0	0	0	0	0	0	0	0	0	0	0	0	0		
																															
["YEAR_2040",*,*]: 	ELECTRICITY	GASOLINE	DIESEL	LFO	GAS	WOOD	WET_BIOMASS	COAL	URANIUM	WASTE	H2	AMMONIA	METHANOL	HVC	HEAT_HIGH_T	HEAT_LOW_T_DHN	HEAT_LOW_T_DECEN	MOB_PUBLIC	MOB_PRIVATE	MOB_FREIGHT_RAIL	MOB_FREIGHT_ROAD	MOB_FREIGHT_BOAT	RES_WIND	RES_SOLAR	RES_HYDRO	RES_GEO 	CO2_ATM 	CO2_INDUSTRY	CO2_CAPTURED	:=	
ELECTRICITY	1	0	0	0	0	0	0	0	0	0	0	0	0	0	0	0	0	0	0	0	0	0	0	0	0	0	0	0	0		
GASOLINE	0	1	0	0	0	0	0	0	0	0	0	0	0	0	0	0	0	0	0	0	0	0	0	0	0	0	0	0	0		
DIESEL	0	0	1	0	0	0	0	0	0	0	0	0	0	0	0	0	0	0	0	0	0	0	0	0	0	0	0	0	0		
BIOETHANOL	0	1	0	0	0	0	0	0	0	0	0	0	0	0	0	0	0	0	0	0	0	0	0	0	0	0	0	0	0		
BIODIESEL	0	0	1	0	0	0	0	0	0	0	0	0	0	0	0	0	0	0	0	0	0	0	0	0	0	0	0	0	0		
LFO	0	0	0	1	0	0	0	0	0	0	0	0	0	0	0	0	0	0	0	0	0	0	0	0	0	0	0	0	0		
GAS	0	0	0	0	1	0	0	0	0	0	0	0	0	0	0	0	0	0	0	0	0	0	0	0	0	0	0	0	0		
GAS_RE	0	0	0	0	1	0	0	0	0	0	0	0	0	0	0	0	0	0	0	0	0	0	0	0	0	0	0	0	0		
WOOD	0	0	0	0	0	1	0	0	0	0	0	0	0	0	0	0	0	0	0	0	0	0	0	0	0	0	0	0	0		
WET_BIOMASS	0	0	0	0	0	0	1	0	0	0	0	0	0	0	0	0	0	0	0	0	0	0	0	0	0	0	0	0	0		
COAL	0	0	0	0	0	0	0	1	0	0	0	0	0	0	0	0	0	0	0	0	0	0	0	0	0	0	0	0	0		
URANIUM	0	0	0	0	0	0	0	0	1	0	0	0	0	0	0	0	0	0	0	0	0	0	0	0	0	0	0	0	0		
WASTE	0	0	0	0	0	0	0	0	0	1	0	0	0	0	0	0	0	0	0	0	0	0	0	0	0	0	0	0	0		
H2	0	0	0	0	0	0	0	0	0	0	1	0	0	0	0	0	0	0	0	0	0	0	0	0	0	0	0	0	0		
H2_RE	0	0	0	0	0	0	0	0	0	0	1	0	0	0	0	0	0	0	0	0	0	0	0	0	0	0	0	0	0		
AMMONIA	0	0	0	0	0	0	0	0	0	0	0	1	0	0	0	0	0	0	0	0	0	0	0	0	0	0	0	0	0		
METHANOL	0	0	0	0	0	0	0	0	0	0	0	0	1	0	0	0	0	0	0	0	0	0	0	0	0	0	0	0	0		
AMMONIA_RE	0	0	0	0	0	0	0	0	0	0	0	1	0	0	0	0	0	0	0	0	0	0	0	0	0	0	0	0	0		
METHANOL_RE	0	0	0	0	0	0	0	0	0	0	0	0	1	0	0	0	0	0	0	0	0	0	0	0	0	0	0	0	0		
ELEC_EXPORT	-1	0	0	0	0	0	0	0	0	0	0	0	0	0	0	0	0	0	0	0	0	0	0	0	0	0	0	0	0		
CO2_EMISSIONS	0	0	0	0	0	0	0	0	0	0	0	0	0	0	0	0	0	0	0	0	0	0	0	0	0	0	0	-1	0		
RES_WIND 	0	0	0	0	0	0	0	0	0	0	0	0	0	0	0	0	0	0	0	0	0	0	1	0	0	0	0	0	0		
RES_SOLAR  	0	0	0	0	0	0	0	0	0	0	0	0	0	0	0	0	0	0	0	0	0	0	0	1	0	0	0	0	0		
RES_HYDRO 	0	0	0	0	0	0	0	0	0	0	0	0	0	0	0	0	0	0	0	0	0	0	0	0	1	0	0	0	0		
RES_GEO	0	0	0	0	0	0	0	0	0	0	0	0	0	0	0	0	0	0	0	0	0	0	0	0	0	1	0	0	0		
CO2_ATM 	0	0	0	0	0	0	0	0	0	0	0	0	0	0	0	0	0	0	0	0	0	0	0	0	0	0	1	0	0		
CO2_INDUSTRY	0	0	0	0	0	0	0	0	0	0	0	0	0	0	0	0	0	0	0	0	0	0	0	0	0	0	0	1	0		
CO2_CAPTURED	0	0	0	0	0	0	0	0	0	0	0	0	0	0	0	0	0	0	0	0	0	0	0	0	0	0	0	0	1		
NUCLEAR	1	0	0	0	0	0	0	0	-2.63164557	0	0	0	0	0	0	0	0	0	0	0	0	0	0	0	0	0	0	0	0		
NUCLEAR_SMR	1	0	0	0	0	0	0	0	-2.63164557	0	0	0	0	0	0	0	0	0	0	0	0	0	0	0	0	0	0	0	0		
CCGT	1	0	0	0	-1.574499194	0	0	0	0	0	0	0	0	0	0	0	0	0	0	0	0	0	0	0	0	0	0	0.31746	0		
CCGT_AMMONIA	1	0	0	0	0	0	0	0	0	0	0	-1.983870968	0	0	0	0	0	0	0	0	0	0	0	0	0	0	0	0	0		
COAL_US	1	0	0	0	0	0	0	-2.026291943	0	0	0	0	0	0	0	0	0	0	0	0	0	0	0	0	0	0	0	0.734688	0		
COAL_IGCC	1	0	0	0	0	0	0	-1.838734834	0	0	0	0	0	0	0	0	0	0	0	0	0	0	0	0	0	0	0	0.666684	0		
PV	1	0	0	0	0	0	0	0	0	0	0	0	0	0	0	0	0	0	0	0	0	0	0	-1	0	0	0	0	0		
WIND_ONSHORE	1	0	0	0	0	0	0	0	0	0	0	0	0	0	0	0	0	0	0	0	0	0	-1	0	0	0	0	0	0		
WIND_OFFSHORE	1	0	0	0	0	0	0	0	0	0	0	0	0	0	0	0	0	0	0	0	0	0	-1	0	0	0	0	0	0		
HYDRO_RIVER	1	0	0	0	0	0	0	0	0	0	0	0	0	0	0	0	0	0	0	0	0	0	0	0	-1	0	0	0	0		
GEOTHERMAL	1	0	0	0	0	0	0	0	0	0	0	0	0	0	0	0	0	0	0	0	0	0	0	0	0	-1	0	0	0		
IND_COGEN_GAS	0.9565	0	0	0	-2.1739	0	0	0	0	0	0	0	0	0	1	0	0	0	0	0	0	0	0	0	0	0	0	0.43478	0		
IND_COGEN_WOOD	0.3396	0	0	0	0	-1.8868	0	0	0	0	0	0	0	0	1	0	0	0	0	0	0	0	0	0	0	0	0	0.735852	0		
IND_COGEN_WASTE	0.4444	0	0	0	0	0	0	0	0	-2.219993247	0	0	0	0	1	0	0	0	0	0	0	0	0	0	0	0	0	0.577772	0		
IND_BOILER_GAS	0	0	0	0	-1.0785	0	0	0	0	0	0	0	0	0	1	0	0	0	0	0	0	0	0	0	0	0	0	0.2157	0		
IND_BOILER_WOOD	0	0	0	0	0	-1.1568	0	0	0	0	0	0	0	0	1	0	0	0	0	0	0	0	0	0	0	0	0	0.451152	0		
IND_BOILER_OIL	0	0	0	-1.1461	0	0	0	0	0	0	0	0	0	0	1	0	0	0	0	0	0	0	0	0	0	0	0	0.297986	0		
IND_BOILER_COAL	0	0	0	0	0	0	0	-1.2195	0	0	0	0	0	0	1	0	0	0	0	0	0	0	0	0	0	0	0	0.43902	0		
IND_BOILER_WASTE	0	0	0	0	0	0	0	0	0	-1.2195	0	0	0	0	1	0	0	0	0	0	0	0	0	0	0	0	0	0.31707	0		
IND_DIRECT_ELEC	-1	0	0	0	0	0	0	0	0	0	0	0	0	0	1	0	0	0	0	0	0	0	0	0	0	0	0	0	0		
DHN_HP_ELEC	-0.245253165	0	0	0	0	0	0	0	0	0	0	0	0	0	0	1	0	0	0	0	0	0	0	0	0	0	0	0	0		
DHN_COGEN_GAS	1.25	0	0	0	-2.5	0	0	0	0	0	0	0	0	0	0	1	0	0	0	0	0	0	0	0	0	0	0	0.5	0		
DHN_COGEN_WOOD	0.3396	0	0	0	0	-1.8868	0	0	0	0	0	0	0	0	0	1	0	0	0	0	0	0	0	0	0	0	0	0.735852	0		
DHN_COGEN_WASTE	0.4444	0	0	0	0	0	0	0	0	-2.219993247	0	0	0	0	0	1	0	0	0	0	0	0	0	0	0	0	0	0.577772	0		
DHN_COGEN_WET_BIOMASS	0.826446281	0	0	0	0	0	-6.373829475	0	0	0	0	0	0	0	0	1	0	0	0	0	0	0	0	0	0	0	0	2.488264463	0		
DHN_COGEN_BIO_HYDROLYSIS	0.758208955	0	0	0	0	0	-2.982110302	0	0	0	0	0	0	0	0	1	0	0	0	0	0	0	0	0	0	0	0	1.164179104	0		
DHN_BOILER_GAS	0	0	0	0	-1.0785	0	0	0	0	0	0	0	0	0	0	1	0	0	0	0	0	0	0	0	0	0	0	0.2157	0		
DHN_BOILER_WOOD	0	0	0	0	0	-1.1568	0	0	0	0	0	0	0	0	0	1	0	0	0	0	0	0	0	0	0	0	0	0.451152	0		
DHN_BOILER_OIL	0	0	0	-1.1461	0	0	0	0	0	0	0	0	0	0	0	1	0	0	0	0	0	0	0	0	0	0	0	0.297986	0		
DHN_DEEP_GEO	0	0	0	0	0	0	0	0	0	0	0	0	0	0	0	1	0	0	0	0	0	0	0	0	0	-1	0	0	0		
DHN_SOLAR	0	0	0	0	0	0	0	0	0	0	0	0	0	0	0	1	0	0	0	0	0	0	0	-1	0	0	0	0	0		
DEC_HP_ELEC	-0.326971519	0	0	0	0	0	0	0	0	0	0	0	0	0	0	0	1	0	0	0	0	0	0	0	0	0	0	0	0		
DEC_THHP_GAS	0	0	0	0	-0.654041139	0	0	0	0	0	0	0	0	0	0	0	1	0	0	0	0	0	0	0	0	0	0	0	0		
DEC_COGEN_GAS	0.9565	0	0	0	-2.1739	0	0	0	0	0	0	0	0	0	0	0	1	0	0	0	0	0	0	0	0	0	0	0	0		
DEC_COGEN_OIL	0.907	0	0	-2.3256	0	0	0	0	0	0	0	0	0	0	0	0	1	0	0	0	0	0	0	0	0	0	0	0	0		
DEC_ADVCOGEN_GAS	2.6364	0	0	0	-4.5455	0	0	0	0	0	0	0	0	0	0	0	1	0	0	0	0	0	0	0	0	0	0	0	0		
DEC_ADVCOGEN_H2	2.6364	0	0	0	0	0	0	0	0	0	-4.5455	0	0	0	0	0	1	0	0	0	0	0	0	0	0	0	0	0	0		
DEC_BOILER_GAS	0	0	0	0	-1.1111	0	0	0	0	0	0	0	0	0	0	0	1	0	0	0	0	0	0	0	0	0	0	0	0		
DEC_BOILER_WOOD	0	0	0	0	0	-1.1765	0	0	0	0	0	0	0	0	0	0	1	0	0	0	0	0	0	0	0	0	0	0	0		
DEC_BOILER_OIL	0	0	0	-1.1765	0	0	0	0	0	0	0	0	0	0	0	0	1	0	0	0	0	0	0	0	0	0	0	0	0		
DEC_SOLAR	0	0	0	0	0	0	0	0	0	0	0	0	0	0	0	0	1	0	0	0	0	0	0	-1	0	0	0	0	0		
DEC_DIRECT_ELEC	-1	0	0	0	0	0	0	0	0	0	0	0	0	0	0	0	1	0	0	0	0	0	0	0	0	0	0	0	0		
TRAMWAY_TROLLEY	-0.060250766	0	0	0	0	0	0	0	0	0	0	0	0	0	0	0	0	1	0	0	0	0	0	0	0	0	0	0	0		
BUS_COACH_DIESEL	0	0	-0.257879909	0	0	0	0	0	0	0	0	0	0	0	0	0	0	1	0	0	0	0	0	0	0	0	0	0	0		
BUS_COACH_HYDIESEL	0	0	-0.189436997	0	0	0	0	0	0	0	0	0	0	0	0	0	0	1	0	0	0	0	0	0	0	0	0	0	0		
BUS_COACH_CNG_STOICH	0	0	0	0	-0.258600763	0	0	0	0	0	0	0	0	0	0	0	0	1	0	0	0	0	0	0	0	0	0	0	0		
BUS_COACH_FC_HYBRIDH2	0	0	0	0	0	0	0	0	0	0	-0.212773052	0	0	0	0	0	0	1	0	0	0	0	0	0	0	0	0	0	0		
TRAIN_PUB	-0.062467994	0	0	0	0	0	0	0	0	0	0	0	0	0	0	0	0	1	0	0	0	0	0	0	0	0	0	0	0		
CAR_GASOLINE	0	-0.479734351	0	0	0	0	0	0	0	0	0	0	0	0	0	0	0	0	1	0	0	0	0	0	0	0	0	0	0		
CAR_DIESEL	0	0	-0.422223716	0	0	0	0	0	0	0	0	0	0	0	0	0	0	0	1	0	0	0	0	0	0	0	0	0	0		
CAR_NG	0	0	0	0	-0.332791443	0	0	0	0	0	0	0	0	0	0	0	0	0	1	0	0	0	0	0	0	0	0	0	0		
CAR_METHANOL	0	0	0	0	0	0	0	0	0	0	0	0	-0.443754275	0	0	0	0	0	1	0	0	0	0	0	0	0	0	0	0		
CAR_HEV	0	-0.322244118	0	0	0	0	0	0	0	0	0	0	0	0	0	0	0	0	1	0	0	0	0	0	0	0	0	0	0		
CAR_PHEV	-0.132193529	-0.104429045	0	0	0	0	0	0	0	0	0	0	0	0	0	0	0	0	1	0	0	0	0	0	0	0	0	0	0		
CAR_BEV	-0.149659864	0	0	0	0	0	0	0	0	0	0	0	0	0	0	0	0	0	1	0	0	0	0	0	0	0	0	0	0		
CAR_FUEL_CELL	0	0	0	0	0	0	0	0	0	0	-0.207791635	0	0	0	0	0	0	0	1	0	0	0	0	0	0	0	0	0	0		
TRAIN_FREIGHT	-0.065842037	0	0	0	0	0	0	0	0	0	0	0	0	0	0	0	0	0	0	1	0	0	0	0	0	0	0	0	0		
BOAT_FREIGHT_DIESEL	0	0	-0.103929003	0	0	0	0	0	0	0	0	0	0	0	0	0	0	0	0	0	0	1	0	0	0	0	0	0	0		
BOAT_FREIGHT_NG	0	0	0	0	-0.118774809	0	0	0	0	0	0	0	0	0	0	0	0	0	0	0	0	1	0	0	0	0	0	0	0		
BOAT_FREIGHT_METHANOL	0	0	0	0	0	0	0	0	0	0	0	0	-0.119469789	0	0	0	0	0	0	0	0	1	0	0	0	0	0	0	0		
TRUCK_DIESEL	0	0	-0.497887915	0	0	0	0	0	0	0	0	0	0	0	0	0	0	0	0	0	1	0	0	0	0	0	0	0	0		
TRUCK_METHANOL	0	0	0	0	0	0	0	0	0	0	0	0	-0.572338445	0	0	0	0	0	0	0	1	0	0	0	0	0	0	0	0		
TRUCK_FUEL_CELL	0	0	0	0	0	0	0	0	0	0	-0.415166932	0	0	0	0	0	0	0	0	0	1	0	0	0	0	0	0	0	0		
TRUCK_ELEC	-0.240039051	0	0	0	0	0	0	0	0	0	0	0	0	0	0	0	0	0	0	0	1	0	0	0	0	0	0	0	0		
TRUCK_NG	0	0	0	0	-0.569732824	0	0	0	0	0	0	0	0	0	0	0	0	0	0	0	1	0	0	0	0	0	0	0	0		
EFFICIENCY	0	0	0	0	0	0	0	0	0	0	0	0	0	0	0	0	0	0	0	0	0	0	0	0	0	0	0	0	0		
DHN	0	0	0	0	0	0	0	0	0	0	0	0	0	0	0	0	0	0	0	0	0	0	0	0	0	0	0	0	0		
GRID	0	0	0	0	0	0	0	0	0	0	0	0	0	0	0	0	0	0	0	0	0	0	0	0	0	0	0	0	0		
H2_ELECTROLYSIS	-1.075949367	0	0	0	0	0	0	0	0	0	1	0	0	0	-0.189873418	0.018987342	0	0	0	0	0	0	0	0	0	0	0	0	0		
SMR	0	0	0	0	-1.3646	0	0	0	0	0	1	0	0	0	0	0	0	0	0	0	0	0	0	0	0	0	0	0.27292	0		
H2_BIOMASS	0	0	0	0	0	-2.298933144	0	0	0	0	1	0	0	0	0	0	0	0	0	0	0	0	0	0	0	0	0	0.901719	0		
GASIFICATION_SNG	0	0	0	0	1	-1.498013158	0	0	0	0	0	0	0	0	0	0.338	0	0	0	0	0	0	0	0	0	0	0	0.400015	0		
SYN_METHANATION	0	0	0	0	1	0	0	0	0	0	-1.2	0	0	0	0	0.295	0	0	0	0	0	0	0	0	0	0	0	0	-0.2		
BIOMETHANATION	0	0	0	0	1	0	-3.3462	0	0	0	0	0	0	0	0	0	0	0	0	0	0	0	0	0	0	0	0	1.105018	0		
BIO_HYDROLYSIS	0.094562648	0	0	0	1	0	-2.364066194	0	0	0	0	0	0	0	0	0	0	0	0	0	0	0	0	0	0	0	0	0.721985816	0		
PYROLYSIS_TO_LFO	0.0238	0	0	1	0	-1.493148178	0	0	0	0	0	0	0	0	0	0	0	0	0	0	0	0	0	0	0	0	0	0.325663	0		
PYROLYSIS_TO_FUELS	0.0256	1	0.456	0	0	-2.523546697	0	0	0	0	0	0	0	0	0	0	0	0	0	0	0	0	0	0	0	0	0	0.6167	0		
ATM_CCS	-1.3	0	0	0	0	0	0	0	0	0	0	0	0	0	0	0	0	0	0	0	0	0	0	0	0	0	-1	0	1		
INDUSTRY_CCS	-0.233	0	0	0	0	0	0	0	0	0	0	0	0	0	0	0	0	0	0	0	0	0	0	0	0	0	0	-1	0.9		
SYN_METHANOLATION	-0.033613636	0	0	0	0	0	0	0	0	0	-1.231840909	0	1	0	0	0.083090672	0	0	0	0	0	0	0	0	0	0	0	0	-0.245703295		
METHANE_TO_METHANOL	0	0	0	0	-1.529051988	0	0	0	0	0	0	0	1	0	0	0	0	0	0	0	0	0	0	0	0	0	0	0.060107103	0		
BIOMASS_TO_METHANOL	0.032258	0	0	0	0	-1.60371492	0	0	0	0	0	0	1	0	0	0.35484	0	0	0	0	0	0	0	0	0	0	0	0.383327705	0		
HABER_BOSCH	-0.122553192	0	0	0	0	0	0	0	0	0	-1.13	1	0	0	0	0.134042253	0	0	0	0	0	0	0	0	0	0	0	0	0		
AMMONIA_TO_H2	0	0	0	0	0	0	0	0	0	0	1	-1.476754389	0	0	-0.15	0.1	0	0	0	0	0	0	0	0	0	0	0	0	0		
OIL_TO_HVC	-0.0211887	0	0	-1.818181818	0	0	0	0	0	0	0	0	0	1	-0.017222222	0	0	0	0	0	0	0	0	0	0	0	0	0.212727273	0		
GAS_TO_HVC	-0.470588235	0	0	0	-2.793650794	0	0	0	0	0	0	0	0	1	0	0	0	0	0	0	0	0	0	0	0	0	0	0.298730159	0		
BIOMASS_TO_HVC	-0.0286	0	0	0	0	-2.367440774	0	0	0	0	0	0	0	1	-0.052	0	0	0	0	0	0	0	0	0	0	0	0	0.66859	0		
METHANOL_TO_HVC	0	0	0	0	0	0	0	0	0	0	0	0	-1.241155343	1	-0.33	0	0	0	0	0	0	0	0	0	0	0	0	0	0		
																															
["YEAR_2045",*,*]: 	ELECTRICITY	GASOLINE	DIESEL	LFO	GAS	WOOD	WET_BIOMASS	COAL	URANIUM	WASTE	H2	AMMONIA	METHANOL	HVC	HEAT_HIGH_T	HEAT_LOW_T_DHN	HEAT_LOW_T_DECEN	MOB_PUBLIC	MOB_PRIVATE	MOB_FREIGHT_RAIL	MOB_FREIGHT_ROAD	MOB_FREIGHT_BOAT	RES_WIND	RES_SOLAR	RES_HYDRO	RES_GEO 	CO2_ATM 	CO2_INDUSTRY	CO2_CAPTURED	:=	
ELECTRICITY	1	0	0	0	0	0	0	0	0	0	0	0	0	0	0	0	0	0	0	0	0	0	0	0	0	0	0	0	0		
GASOLINE	0	1	0	0	0	0	0	0	0	0	0	0	0	0	0	0	0	0	0	0	0	0	0	0	0	0	0	0	0		
DIESEL	0	0	1	0	0	0	0	0	0	0	0	0	0	0	0	0	0	0	0	0	0	0	0	0	0	0	0	0	0		
BIOETHANOL	0	1	0	0	0	0	0	0	0	0	0	0	0	0	0	0	0	0	0	0	0	0	0	0	0	0	0	0	0		
BIODIESEL	0	0	1	0	0	0	0	0	0	0	0	0	0	0	0	0	0	0	0	0	0	0	0	0	0	0	0	0	0		
LFO	0	0	0	1	0	0	0	0	0	0	0	0	0	0	0	0	0	0	0	0	0	0	0	0	0	0	0	0	0		
GAS	0	0	0	0	1	0	0	0	0	0	0	0	0	0	0	0	0	0	0	0	0	0	0	0	0	0	0	0	0		
GAS_RE	0	0	0	0	1	0	0	0	0	0	0	0	0	0	0	0	0	0	0	0	0	0	0	0	0	0	0	0	0		
WOOD	0	0	0	0	0	1	0	0	0	0	0	0	0	0	0	0	0	0	0	0	0	0	0	0	0	0	0	0	0		
WET_BIOMASS	0	0	0	0	0	0	1	0	0	0	0	0	0	0	0	0	0	0	0	0	0	0	0	0	0	0	0	0	0		
COAL	0	0	0	0	0	0	0	1	0	0	0	0	0	0	0	0	0	0	0	0	0	0	0	0	0	0	0	0	0		
URANIUM	0	0	0	0	0	0	0	0	1	0	0	0	0	0	0	0	0	0	0	0	0	0	0	0	0	0	0	0	0		
WASTE	0	0	0	0	0	0	0	0	0	1	0	0	0	0	0	0	0	0	0	0	0	0	0	0	0	0	0	0	0		
H2	0	0	0	0	0	0	0	0	0	0	1	0	0	0	0	0	0	0	0	0	0	0	0	0	0	0	0	0	0		
H2_RE	0	0	0	0	0	0	0	0	0	0	1	0	0	0	0	0	0	0	0	0	0	0	0	0	0	0	0	0	0		
AMMONIA	0	0	0	0	0	0	0	0	0	0	0	1	0	0	0	0	0	0	0	0	0	0	0	0	0	0	0	0	0		
METHANOL	0	0	0	0	0	0	0	0	0	0	0	0	1	0	0	0	0	0	0	0	0	0	0	0	0	0	0	0	0		
AMMONIA_RE	0	0	0	0	0	0	0	0	0	0	0	1	0	0	0	0	0	0	0	0	0	0	0	0	0	0	0	0	0		
METHANOL_RE	0	0	0	0	0	0	0	0	0	0	0	0	1	0	0	0	0	0	0	0	0	0	0	0	0	0	0	0	0		
ELEC_EXPORT	-1	0	0	0	0	0	0	0	0	0	0	0	0	0	0	0	0	0	0	0	0	0	0	0	0	0	0	0	0		
CO2_EMISSIONS	0	0	0	0	0	0	0	0	0	0	0	0	0	0	0	0	0	0	0	0	0	0	0	0	0	0	0	-1	0		
RES_WIND 	0	0	0	0	0	0	0	0	0	0	0	0	0	0	0	0	0	0	0	0	0	0	1	0	0	0	0	0	0		
RES_SOLAR  	0	0	0	0	0	0	0	0	0	0	0	0	0	0	0	0	0	0	0	0	0	0	0	1	0	0	0	0	0		
RES_HYDRO 	0	0	0	0	0	0	0	0	0	0	0	0	0	0	0	0	0	0	0	0	0	0	0	0	1	0	0	0	0		
RES_GEO	0	0	0	0	0	0	0	0	0	0	0	0	0	0	0	0	0	0	0	0	0	0	0	0	0	1	0	0	0		
CO2_ATM 	0	0	0	0	0	0	0	0	0	0	0	0	0	0	0	0	0	0	0	0	0	0	0	0	0	0	1	0	0		
CO2_INDUSTRY	0	0	0	0	0	0	0	0	0	0	0	0	0	0	0	0	0	0	0	0	0	0	0	0	0	0	0	1	0		
CO2_CAPTURED	0	0	0	0	0	0	0	0	0	0	0	0	0	0	0	0	0	0	0	0	0	0	0	0	0	0	0	0	1		
NUCLEAR	1	0	0	0	0	0	0	0	-2.564231499	0	0	0	0	0	0	0	0	0	0	0	0	0	0	0	0	0	0	0	0		
NUCLEAR_SMR	1	0	0	0	0	0	0	0	-2.564231499	0	0	0	0	0	0	0	0	0	0	0	0	0	0	0	0	0	0	0	0		
CCGT	1	0	0	0	-1.5619032	0	0	0	0	0	0	0	0	0	0	0	0	0	0	0	0	0	0	0	0	0	0	0.31746	0		
CCGT_AMMONIA	1	0	0	0	0	0	0	0	0	0	0	-1.968	0	0	0	0	0	0	0	0	0	0	0	0	0	0	0	0	0		
COAL_US	1	0	0	0	0	0	0	-2.011988706	0	0	0	0	0	0	0	0	0	0	0	0	0	0	0	0	0	0	0	0.734688	0		
COAL_IGCC	1	0	0	0	0	0	0	-1.825755529	0	0	0	0	0	0	0	0	0	0	0	0	0	0	0	0	0	0	0	0.666684	0		
PV	1	0	0	0	0	0	0	0	0	0	0	0	0	0	0	0	0	0	0	0	0	0	0	-1	0	0	0	0	0		
WIND_ONSHORE	1	0	0	0	0	0	0	0	0	0	0	0	0	0	0	0	0	0	0	0	0	0	-1	0	0	0	0	0	0		
WIND_OFFSHORE	1	0	0	0	0	0	0	0	0	0	0	0	0	0	0	0	0	0	0	0	0	0	-1	0	0	0	0	0	0		
HYDRO_RIVER	1	0	0	0	0	0	0	0	0	0	0	0	0	0	0	0	0	0	0	0	0	0	0	0	-1	0	0	0	0		
GEOTHERMAL	1	0	0	0	0	0	0	0	0	0	0	0	0	0	0	0	0	0	0	0	0	0	0	0	0	-1	0	0	0		
IND_COGEN_GAS	0.9565	0	0	0	-2.1739	0	0	0	0	0	0	0	0	0	1	0	0	0	0	0	0	0	0	0	0	0	0	0.43478	0		
IND_COGEN_WOOD	0.3396	0	0	0	0	-1.8868	0	0	0	0	0	0	0	0	1	0	0	0	0	0	0	0	0	0	0	0	0	0.735852	0		
IND_COGEN_WASTE	0.4444	0	0	0	0	0	0	0	0	-2.217790873	0	0	0	0	1	0	0	0	0	0	0	0	0	0	0	0	0	0.577772	0		
IND_BOILER_GAS	0	0	0	0	-1.0785	0	0	0	0	0	0	0	0	0	1	0	0	0	0	0	0	0	0	0	0	0	0	0.2157	0		
IND_BOILER_WOOD	0	0	0	0	0	-1.1568	0	0	0	0	0	0	0	0	1	0	0	0	0	0	0	0	0	0	0	0	0	0.451152	0		
IND_BOILER_OIL	0	0	0	-1.1461	0	0	0	0	0	0	0	0	0	0	1	0	0	0	0	0	0	0	0	0	0	0	0	0.297986	0		
IND_BOILER_COAL	0	0	0	0	0	0	0	-1.2195	0	0	0	0	0	0	1	0	0	0	0	0	0	0	0	0	0	0	0	0.43902	0		
IND_BOILER_WASTE	0	0	0	0	0	0	0	0	0	-1.2195	0	0	0	0	1	0	0	0	0	0	0	0	0	0	0	0	0	0.31707	0		
IND_DIRECT_ELEC	-1	0	0	0	0	0	0	0	0	0	0	0	0	0	1	0	0	0	0	0	0	0	0	0	0	0	0	0	0		
DHN_HP_ELEC	-0.24068323	0	0	0	0	0	0	0	0	0	0	0	0	0	0	1	0	0	0	0	0	0	0	0	0	0	0	0	0		
DHN_COGEN_GAS	1.25	0	0	0	-2.5	0	0	0	0	0	0	0	0	0	0	1	0	0	0	0	0	0	0	0	0	0	0	0.5	0		
DHN_COGEN_WOOD	0.3396	0	0	0	0	-1.8868	0	0	0	0	0	0	0	0	0	1	0	0	0	0	0	0	0	0	0	0	0	0.735852	0		
DHN_COGEN_WASTE	0.4444	0	0	0	0	0	0	0	0	-2.217790873	0	0	0	0	0	1	0	0	0	0	0	0	0	0	0	0	0	0.577772	0		
DHN_COGEN_WET_BIOMASS	0.826446281	0	0	0	0	0	-6.367506231	0	0	0	0	0	0	0	0	1	0	0	0	0	0	0	0	0	0	0	0	2.488264463	0		
DHN_COGEN_BIO_HYDROLYSIS	0.758208955	0	0	0	0	0	-2.979151859	0	0	0	0	0	0	0	0	1	0	0	0	0	0	0	0	0	0	0	0	1.164179104	0		
DHN_BOILER_GAS	0	0	0	0	-1.0785	0	0	0	0	0	0	0	0	0	0	1	0	0	0	0	0	0	0	0	0	0	0	0.2157	0		
DHN_BOILER_WOOD	0	0	0	0	0	-1.1568	0	0	0	0	0	0	0	0	0	1	0	0	0	0	0	0	0	0	0	0	0	0.451152	0		
DHN_BOILER_OIL	0	0	0	-1.1461	0	0	0	0	0	0	0	0	0	0	0	1	0	0	0	0	0	0	0	0	0	0	0	0.297986	0		
DHN_DEEP_GEO	0	0	0	0	0	0	0	0	0	0	0	0	0	0	0	1	0	0	0	0	0	0	0	0	0	-1	0	0	0		
DHN_SOLAR	0	0	0	0	0	0	0	0	0	0	0	0	0	0	0	1	0	0	0	0	0	0	0	-1	0	0	0	0	0		
DEC_HP_ELEC	-0.320878882	0	0	0	0	0	0	0	0	0	0	0	0	0	0	0	1	0	0	0	0	0	0	0	0	0	0	0	0		
DEC_THHP_GAS	0	0	0	0	-0.641854037	0	0	0	0	0	0	0	0	0	0	0	1	0	0	0	0	0	0	0	0	0	0	0	0		
DEC_COGEN_GAS	0.9565	0	0	0	-2.1739	0	0	0	0	0	0	0	0	0	0	0	1	0	0	0	0	0	0	0	0	0	0	0	0		
DEC_COGEN_OIL	0.907	0	0	-2.3256	0	0	0	0	0	0	0	0	0	0	0	0	1	0	0	0	0	0	0	0	0	0	0	0	0		
DEC_ADVCOGEN_GAS	2.6364	0	0	0	-4.5455	0	0	0	0	0	0	0	0	0	0	0	1	0	0	0	0	0	0	0	0	0	0	0	0		
DEC_ADVCOGEN_H2	2.6364	0	0	0	0	0	0	0	0	0	-4.5455	0	0	0	0	0	1	0	0	0	0	0	0	0	0	0	0	0	0		
DEC_BOILER_GAS	0	0	0	0	-1.1111	0	0	0	0	0	0	0	0	0	0	0	1	0	0	0	0	0	0	0	0	0	0	0	0		
DEC_BOILER_WOOD	0	0	0	0	0	-1.1765	0	0	0	0	0	0	0	0	0	0	1	0	0	0	0	0	0	0	0	0	0	0	0		
DEC_BOILER_OIL	0	0	0	-1.1765	0	0	0	0	0	0	0	0	0	0	0	0	1	0	0	0	0	0	0	0	0	0	0	0	0		
DEC_SOLAR	0	0	0	0	0	0	0	0	0	0	0	0	0	0	0	0	1	0	0	0	0	0	0	-1	0	0	0	0	0		
DEC_DIRECT_ELEC	-1	0	0	0	0	0	0	0	0	0	0	0	0	0	0	0	1	0	0	0	0	0	0	0	0	0	0	0	0		
TRAMWAY_TROLLEY	-0.058157797	0	0	0	0	0	0	0	0	0	0	0	0	0	0	0	0	1	0	0	0	0	0	0	0	0	0	0	0		
BUS_COACH_DIESEL	0	0	-0.250685022	0	0	0	0	0	0	0	0	0	0	0	0	0	0	1	0	0	0	0	0	0	0	0	0	0	0		
BUS_COACH_HYDIESEL	0	0	-0.181836999	0	0	0	0	0	0	0	0	0	0	0	0	0	0	1	0	0	0	0	0	0	0	0	0	0	0		
BUS_COACH_CNG_STOICH	0	0	0	0	-0.250012546	0	0	0	0	0	0	0	0	0	0	0	0	1	0	0	0	0	0	0	0	0	0	0	0		
BUS_COACH_FC_HYBRIDH2	0	0	0	0	0	0	0	0	0	0	-0.201405944	0	0	0	0	0	0	1	0	0	0	0	0	0	0	0	0	0	0		
TRAIN_PUB	-0.060298004	0	0	0	0	0	0	0	0	0	0	0	0	0	0	0	0	1	0	0	0	0	0	0	0	0	0	0	0		
CAR_GASOLINE	0	-0.463802214	0	0	0	0	0	0	0	0	0	0	0	0	0	0	0	0	1	0	0	0	0	0	0	0	0	0	0		
CAR_DIESEL	0	0	-0.410443612	0	0	0	0	0	0	0	0	0	0	0	0	0	0	0	1	0	0	0	0	0	0	0	0	0	0		
CAR_NG	0	0	0	0	-0.321739329	0	0	0	0	0	0	0	0	0	0	0	0	0	1	0	0	0	0	0	0	0	0	0	0		
CAR_METHANOL	0	0	0	0	0	0	0	0	0	0	0	0	-0.429017048	0	0	0	0	0	1	0	0	0	0	0	0	0	0	0	0		
CAR_HEV	0	-0.309316048	0	0	0	0	0	0	0	0	0	0	0	0	0	0	0	0	1	0	0	0	0	0	0	0	0	0	0		
CAR_PHEV	-0.127195849	-0.100481023	0	0	0	0	0	0	0	0	0	0	0	0	0	0	0	0	1	0	0	0	0	0	0	0	0	0	0		
CAR_BEV	-0.138321995	0	0	0	0	0	0	0	0	0	0	0	0	0	0	0	0	0	1	0	0	0	0	0	0	0	0	0	0		
CAR_FUEL_CELL	0	0	0	0	0	0	0	0	0	0	-0.196457546	0	0	0	0	0	0	0	1	0	0	0	0	0	0	0	0	0	0		
TRAIN_FREIGHT	-0.063554841	0	0	0	0	0	0	0	0	0	0	0	0	0	0	0	0	0	0	1	0	0	0	0	0	0	0	0	0		
BOAT_FREIGHT_DIESEL	0	0	-0.101029369	0	0	0	0	0	0	0	0	0	0	0	0	0	0	0	0	0	0	1	0	0	0	0	0	0	0		
BOAT_FREIGHT_NG	0	0	0	0	-0.114830258	0	0	0	0	0	0	0	0	0	0	0	0	0	0	0	0	1	0	0	0	0	0	0	0		
BOAT_FREIGHT_METHANOL	0	0	0	0	0	0	0	0	0	0	0	0	-0.116136564	0	0	0	0	0	0	0	0	1	0	0	0	0	0	0	0		
TRUCK_DIESEL	0	0	-0.483996769	0	0	0	0	0	0	0	0	0	0	0	0	0	0	0	0	0	1	0	0	0	0	0	0	0	0		
TRUCK_METHANOL	0	0	0	0	0	0	0	0	0	0	0	0	-0.556370118	0	0	0	0	0	0	0	1	0	0	0	0	0	0	0	0		
TRUCK_FUEL_CELL	0	0	0	0	0	0	0	0	0	0	-0.392987208	0	0	0	0	0	0	0	0	0	1	0	0	0	0	0	0	0	0		
TRUCK_ELEC	-0.231700665	0	0	0	0	0	0	0	0	0	0	0	0	0	0	0	0	0	0	0	1	0	0	0	0	0	0	0	0		
TRUCK_NG	0	0	0	0	-0.550811808	0	0	0	0	0	0	0	0	0	0	0	0	0	0	0	1	0	0	0	0	0	0	0	0		
EFFICIENCY	0	0	0	0	0	0	0	0	0	0	0	0	0	0	0	0	0	0	0	0	0	0	0	0	0	0	0	0	0		
DHN	0	0	0	0	0	0	0	0	0	0	0	0	0	0	0	0	0	0	0	0	0	0	0	0	0	0	0	0	0		
GRID	0	0	0	0	0	0	0	0	0	0	0	0	0	0	0	0	0	0	0	0	0	0	0	0	0	0	0	0	0		
H2_ELECTROLYSIS	-1.075949367	0	0	0	0	0	0	0	0	0	1	0	0	0	-0.189873418	0.018987342	0	0	0	0	0	0	0	0	0	0	0	0	0		
SMR	0	0	0	0	-1.3646	0	0	0	0	0	1	0	0	0	0	0	0	0	0	0	0	0	0	0	0	0	0	0.27292	0		
H2_BIOMASS	0	0	0	0	0	-2.273044257	0	0	0	0	1	0	0	0	0	0	0	0	0	0	0	0	0	0	0	0	0	0.901719	0		
GASIFICATION_SNG	0	0	0	0	1	-1.459602564	0	0	0	0	0	0	0	0	0	0.338	0	0	0	0	0	0	0	0	0	0	0	0.400015	0		
SYN_METHANATION	0	0	0	0	1	0	0	0	0	0	-1.2	0	0	0	0	0.295	0	0	0	0	0	0	0	0	0	0	0	0	-0.2		
BIOMETHANATION	0	0	0	0	1	0	-3.3462	0	0	0	0	0	0	0	0	0	0	0	0	0	0	0	0	0	0	0	0	1.105018	0		
BIO_HYDROLYSIS	0.094562648	0	0	0	1	0	-2.364066194	0	0	0	0	0	0	0	0	0	0	0	0	0	0	0	0	0	0	0	0	0.721985816	0		
PYROLYSIS_TO_LFO	0.0238	0	0	1	0	-1.476333446	0	0	0	0	0	0	0	0	0	0	0	0	0	0	0	0	0	0	0	0	0	0.325663	0		
PYROLYSIS_TO_FUELS	0.0256	1	0.456	0	0	-2.495128378	0	0	0	0	0	0	0	0	0	0	0	0	0	0	0	0	0	0	0	0	0	0.6167	0		
ATM_CCS	-1.3	0	0	0	0	0	0	0	0	0	0	0	0	0	0	0	0	0	0	0	0	0	0	0	0	0	-1	0	1		
INDUSTRY_CCS	-0.233	0	0	0	0	0	0	0	0	0	0	0	0	0	0	0	0	0	0	0	0	0	0	0	0	0	0	-1	0.9		
SYN_METHANOLATION	-0.033235955	0	0	0	0	0	0	0	0	0	-1.218	0	1	0	0	0.083090672	0	0	0	0	0	0	0	0	0	0	0	0	-0.245703295		
METHANE_TO_METHANOL	0	0	0	0	-1.529051988	0	0	0	0	0	0	0	1	0	0	0	0	0	0	0	0	0	0	0	0	0	0	0.060107103	0		
BIOMASS_TO_METHANOL	0.032258	0	0	0	0	-1.585655068	0	0	0	0	0	0	1	0	0	0.35484	0	0	0	0	0	0	0	0	0	0	0	0.383327705	0		
HABER_BOSCH	-0.122553192	0	0	0	0	0	0	0	0	0	-1.13	1	0	0	0	0.134042253	0	0	0	0	0	0	0	0	0	0	0	0	0		
AMMONIA_TO_H2	0	0	0	0	0	0	0	0	0	0	1	-1.438888892	0	0	-0.15	0.1	0	0	0	0	0	0	0	0	0	0	0	0	0		
OIL_TO_HVC	-0.0211887	0	0	-1.818181818	0	0	0	0	0	0	0	0	0	1	-0.017222222	0	0	0	0	0	0	0	0	0	0	0	0	0.212727273	0		
GAS_TO_HVC	-0.470588235	0	0	0	-2.793650794	0	0	0	0	0	0	0	0	1	0	0	0	0	0	0	0	0	0	0	0	0	0	0.298730159	0		
BIOMASS_TO_HVC	-0.0286	0	0	0	0	-2.340780405	0	0	0	0	0	0	0	1	-0.052	0	0	0	0	0	0	0	0	0	0	0	0	0.66859	0		
METHANOL_TO_HVC	0	0	0	0	0	0	0	0	0	0	0	0	-1.241155343	1	-0.33	0	0	0	0	0	0	0	0	0	0	0	0	0	0		
																															
["YEAR_2050",*,*]: 	ELECTRICITY	GASOLINE	DIESEL	LFO	GAS	WOOD	WET_BIOMASS	COAL	URANIUM	WASTE	H2	AMMONIA	METHANOL	HVC	HEAT_HIGH_T	HEAT_LOW_T_DHN	HEAT_LOW_T_DECEN	MOB_PUBLIC	MOB_PRIVATE	MOB_FREIGHT_RAIL	MOB_FREIGHT_ROAD	MOB_FREIGHT_BOAT	RES_WIND	RES_SOLAR	RES_HYDRO	RES_GEO 	CO2_ATM 	CO2_INDUSTRY	CO2_CAPTURED	:=	
ELECTRICITY	1	0	0	0	0	0	0	0	0	0	0	0	0	0	0	0	0	0	0	0	0	0	0	0	0	0	0	0	0		
GASOLINE	0	1	0	0	0	0	0	0	0	0	0	0	0	0	0	0	0	0	0	0	0	0	0	0	0	0	0	0	0		
DIESEL	0	0	1	0	0	0	0	0	0	0	0	0	0	0	0	0	0	0	0	0	0	0	0	0	0	0	0	0	0		
BIOETHANOL	0	1	0	0	0	0	0	0	0	0	0	0	0	0	0	0	0	0	0	0	0	0	0	0	0	0	0	0	0		
BIODIESEL	0	0	1	0	0	0	0	0	0	0	0	0	0	0	0	0	0	0	0	0	0	0	0	0	0	0	0	0	0		
LFO	0	0	0	1	0	0	0	0	0	0	0	0	0	0	0	0	0	0	0	0	0	0	0	0	0	0	0	0	0		
GAS	0	0	0	0	1	0	0	0	0	0	0	0	0	0	0	0	0	0	0	0	0	0	0	0	0	0	0	0	0		
GAS_RE	0	0	0	0	1	0	0	0	0	0	0	0	0	0	0	0	0	0	0	0	0	0	0	0	0	0	0	0	0		
WOOD	0	0	0	0	0	1	0	0	0	0	0	0	0	0	0	0	0	0	0	0	0	0	0	0	0	0	0	0	0		
WET_BIOMASS	0	0	0	0	0	0	1	0	0	0	0	0	0	0	0	0	0	0	0	0	0	0	0	0	0	0	0	0	0		
COAL	0	0	0	0	0	0	0	1	0	0	0	0	0	0	0	0	0	0	0	0	0	0	0	0	0	0	0	0	0		
URANIUM	0	0	0	0	0	0	0	0	1	0	0	0	0	0	0	0	0	0	0	0	0	0	0	0	0	0	0	0	0		
WASTE	0	0	0	0	0	0	0	0	0	1	0	0	0	0	0	0	0	0	0	0	0	0	0	0	0	0	0	0	0		
H2	0	0	0	0	0	0	0	0	0	0	1	0	0	0	0	0	0	0	0	0	0	0	0	0	0	0	0	0	0		
H2_RE	0	0	0	0	0	0	0	0	0	0	1	0	0	0	0	0	0	0	0	0	0	0	0	0	0	0	0	0	0		
AMMONIA	0	0	0	0	0	0	0	0	0	0	0	1	0	0	0	0	0	0	0	0	0	0	0	0	0	0	0	0	0		
METHANOL	0	0	0	0	0	0	0	0	0	0	0	0	1	0	0	0	0	0	0	0	0	0	0	0	0	0	0	0	0		
AMMONIA_RE	0	0	0	0	0	0	0	0	0	0	0	1	0	0	0	0	0	0	0	0	0	0	0	0	0	0	0	0	0		
METHANOL_RE	0	0	0	0	0	0	0	0	0	0	0	0	1	0	0	0	0	0	0	0	0	0	0	0	0	0	0	0	0		
ELEC_EXPORT	-1	0	0	0	0	0	0	0	0	0	0	0	0	0	0	0	0	0	0	0	0	0	0	0	0	0	0	0	0		
CO2_EMISSIONS	0	0	0	0	0	0	0	0	0	0	0	0	0	0	0	0	0	0	0	0	0	0	0	0	0	0	0	-1	0		
RES_WIND 	0	0	0	0	0	0	0	0	0	0	0	0	0	0	0	0	0	0	0	0	0	0	1	0	0	0	0	0	0		
RES_SOLAR  	0	0	0	0	0	0	0	0	0	0	0	0	0	0	0	0	0	0	0	0	0	0	0	1	0	0	0	0	0		
RES_HYDRO 	0	0	0	0	0	0	0	0	0	0	0	0	0	0	0	0	0	0	0	0	0	0	0	0	1	0	0	0	0		
RES_GEO	0	0	0	0	0	0	0	0	0	0	0	0	0	0	0	0	0	0	0	0	0	0	0	0	0	1	0	0	0		
CO2_ATM 	0	0	0	0	0	0	0	0	0	0	0	0	0	0	0	0	0	0	0	0	0	0	0	0	0	0	1	0	0		
CO2_INDUSTRY	0	0	0	0	0	0	0	0	0	0	0	0	0	0	0	0	0	0	0	0	0	0	0	0	0	0	0	1	0		
CO2_CAPTURED	0	0	0	0	0	0	0	0	0	0	0	0	0	0	0	0	0	0	0	0	0	0	0	0	0	0	0	0	1		
NUCLEAR	1	0	0	0	0	0	0	0	-2.500185014	0	0	0	0	0	0	0	0	0	0	0	0	0	0	0	0	0	0	0	0		
NUCLEAR_SMR	1	0	0	0	0	0	0	0	-2.500185014	0	0	0	0	0	0	0	0	0	0	0	0	0	0	0	0	0	0	0	0		
CCGT	1	0	0	0	-1.549507143	0	0	0	0	0	0	0	0	0	0	0	0	0	0	0	0	0	0	0	0	0	0	0.31746	0		
CCGT_AMMONIA	1	0	0	0	0	0	0	0	0	0	0	-1.952380952	0	0	0	0	0	0	0	0	0	0	0	0	0	0	0	0	0		
COAL_US	1	0	0	0	0	0	0	-1.997885981	0	0	0	0	0	0	0	0	0	0	0	0	0	0	0	0	0	0	0	0.734688	0		
COAL_IGCC	1	0	0	0	0	0	0	-1.812958178	0	0	0	0	0	0	0	0	0	0	0	0	0	0	0	0	0	0	0	0.666684	0		
PV	1	0	0	0	0	0	0	0	0	0	0	0	0	0	0	0	0	0	0	0	0	0	0	-1	0	0	0	0	0		
WIND_ONSHORE	1	0	0	0	0	0	0	0	0	0	0	0	0	0	0	0	0	0	0	0	0	0	-1	0	0	0	0	0	0		
WIND_OFFSHORE	1	0	0	0	0	0	0	0	0	0	0	0	0	0	0	0	0	0	0	0	0	0	-1	0	0	0	0	0	0		
HYDRO_RIVER	1	0	0	0	0	0	0	0	0	0	0	0	0	0	0	0	0	0	0	0	0	0	0	0	-1	0	0	0	0		
GEOTHERMAL	1	0	0	0	0	0	0	0	0	0	0	0	0	0	0	0	0	0	0	0	0	0	0	0	0	-1	0	0	0		
IND_COGEN_GAS	0.9565	0	0	0	-2.1739	0	0	0	0	0	0	0	0	0	1	0	0	0	0	0	0	0	0	0	0	0	0	0.43478	0		
IND_COGEN_WOOD	0.3396	0	0	0	0	-1.8868	0	0	0	0	0	0	0	0	1	0	0	0	0	0	0	0	0	0	0	0	0	0.735852	0		
IND_COGEN_WASTE	0.4444	0	0	0	0	0	0	0	0	-2.215592864	0	0	0	0	1	0	0	0	0	0	0	0	0	0	0	0	0	0.577772	0		
IND_BOILER_GAS	0	0	0	0	-1.0785	0	0	0	0	0	0	0	0	0	1	0	0	0	0	0	0	0	0	0	0	0	0	0.2157	0		
IND_BOILER_WOOD	0	0	0	0	0	-1.1568	0	0	0	0	0	0	0	0	1	0	0	0	0	0	0	0	0	0	0	0	0	0.451152	0		
IND_BOILER_OIL	0	0	0	-1.1461	0	0	0	0	0	0	0	0	0	0	1	0	0	0	0	0	0	0	0	0	0	0	0	0.297986	0		
IND_BOILER_COAL	0	0	0	0	0	0	0	-1.2195	0	0	0	0	0	0	1	0	0	0	0	0	0	0	0	0	0	0	0	0.43902	0		
IND_BOILER_WASTE	0	0	0	0	0	0	0	0	0	-1.2195	0	0	0	0	1	0	0	0	0	0	0	0	0	0	0	0	0	0.31707	0		
IND_DIRECT_ELEC	-1	0	0	0	0	0	0	0	0	0	0	0	0	0	1	0	0	0	0	0	0	0	0	0	0	0	0	0	0		
DHN_HP_ELEC	-0.236280488	0	0	0	0	0	0	0	0	0	0	0	0	0	0	1	0	0	0	0	0	0	0	0	0	0	0	0	0		
DHN_COGEN_GAS	1.25	0	0	0	-2.5	0	0	0	0	0	0	0	0	0	0	1	0	0	0	0	0	0	0	0	0	0	0	0.5	0		
DHN_COGEN_WOOD	0.3396	0	0	0	0	-1.8868	0	0	0	0	0	0	0	0	0	1	0	0	0	0	0	0	0	0	0	0	0	0.735852	0		
DHN_COGEN_WASTE	0.4444	0	0	0	0	0	0	0	0	-2.215592864	0	0	0	0	0	1	0	0	0	0	0	0	0	0	0	0	0	0.577772	0		
DHN_COGEN_WET_BIOMASS	0.826446281	0	0	0	0	0	-6.361195521	0	0	0	0	0	0	0	0	1	0	0	0	0	0	0	0	0	0	0	0	2.488264463	0		
DHN_COGEN_BIO_HYDROLYSIS	0.758208955	0	0	0	0	0	-2.976199281	0	0	0	0	0	0	0	0	1	0	0	0	0	0	0	0	0	0	0	0	1.164179104	0		
DHN_BOILER_GAS	0	0	0	0	-1.0785	0	0	0	0	0	0	0	0	0	0	1	0	0	0	0	0	0	0	0	0	0	0	0.2157	0		
DHN_BOILER_WOOD	0	0	0	0	0	-1.1568	0	0	0	0	0	0	0	0	0	1	0	0	0	0	0	0	0	0	0	0	0	0.451152	0		
DHN_BOILER_OIL	0	0	0	-1.1461	0	0	0	0	0	0	0	0	0	0	0	1	0	0	0	0	0	0	0	0	0	0	0	0.297986	0		
DHN_DEEP_GEO	0	0	0	0	0	0	0	0	0	0	0	0	0	0	0	1	0	0	0	0	0	0	0	0	0	-1	0	0	0		
DHN_SOLAR	0	0	0	0	0	0	0	0	0	0	0	0	0	0	0	1	0	0	0	0	0	0	0	-1	0	0	0	0	0		
DEC_HP_ELEC	-0.315009146	0	0	0	0	0	0	0	0	0	0	0	0	0	0	0	1	0	0	0	0	0	0	0	0	0	0	0	0		
DEC_THHP_GAS	0	0	0	0	-0.630112805	0	0	0	0	0	0	0	0	0	0	0	1	0	0	0	0	0	0	0	0	0	0	0	0		
DEC_COGEN_GAS	0.9565	0	0	0	-2.1739	0	0	0	0	0	0	0	0	0	0	0	1	0	0	0	0	0	0	0	0	0	0	0	0		
DEC_COGEN_OIL	0.907	0	0	-2.3256	0	0	0	0	0	0	0	0	0	0	0	0	1	0	0	0	0	0	0	0	0	0	0	0	0		
DEC_ADVCOGEN_GAS	2.6364	0	0	0	-4.5455	0	0	0	0	0	0	0	0	0	0	0	1	0	0	0	0	0	0	0	0	0	0	0	0		
DEC_ADVCOGEN_H2	2.6364	0	0	0	0	0	0	0	0	0	-4.5455	0	0	0	0	0	1	0	0	0	0	0	0	0	0	0	0	0	0		
DEC_BOILER_GAS	0	0	0	0	-1.1111	0	0	0	0	0	0	0	0	0	0	0	1	0	0	0	0	0	0	0	0	0	0	0	0		
DEC_BOILER_WOOD	0	0	0	0	0	-1.1765	0	0	0	0	0	0	0	0	0	0	1	0	0	0	0	0	0	0	0	0	0	0	0		
DEC_BOILER_OIL	0	0	0	-1.1765	0	0	0	0	0	0	0	0	0	0	0	0	1	0	0	0	0	0	0	0	0	0	0	0	0		
DEC_SOLAR	0	0	0	0	0	0	0	0	0	0	0	0	0	0	0	0	1	0	0	0	0	0	0	-1	0	0	0	0	0		
DEC_DIRECT_ELEC	-1	0	0	0	0	0	0	0	0	0	0	0	0	0	0	0	1	0	0	0	0	0	0	0	0	0	0	0	0		
TRAMWAY_TROLLEY	-0.056205357	0	0	0	0	0	0	0	0	0	0	0	0	0	0	0	0	1	0	0	0	0	0	0	0	0	0	0	0		
BUS_COACH_DIESEL	0	0	-0.243880714	0	0	0	0	0	0	0	0	0	0	0	0	0	0	1	0	0	0	0	0	0	0	0	0	0	0		
BUS_COACH_HYDIESEL	0	0	-0.174823286	0	0	0	0	0	0	0	0	0	0	0	0	0	0	1	0	0	0	0	0	0	0	0	0	0	0		
BUS_COACH_CNG_STOICH	0	0	0	0	-0.241976429	0	0	0	0	0	0	0	0	0	0	0	0	1	0	0	0	0	0	0	0	0	0	0	0		
BUS_COACH_FC_HYBRIDH2	0	0	0	0	0	0	0	0	0	0	-0.191191786	0	0	0	0	0	0	1	0	0	0	0	0	0	0	0	0	0	0		
TRAIN_PUB	-0.058273714	0	0	0	0	0	0	0	0	0	0	0	0	0	0	0	0	1	0	0	0	0	0	0	0	0	0	0	0		
CAR_GASOLINE	0	-0.448894286	0	0	0	0	0	0	0	0	0	0	0	0	0	0	0	0	1	0	0	0	0	0	0	0	0	0	0		
CAR_DIESEL	0	0	-0.399303	0	0	0	0	0	0	0	0	0	0	0	0	0	0	0	1	0	0	0	0	0	0	0	0	0	0		
CAR_NG	0	0	0	0	-0.311397707	0	0	0	0	0	0	0	0	0	0	0	0	0	1	0	0	0	0	0	0	0	0	0	0		
CAR_METHANOL	0	0	0	0	0	0	0	0	0	0	0	0	-0.415227214	0	0	0	0	0	1	0	0	0	0	0	0	0	0	0	0		
CAR_HEV	0	-0.297385286	0	0	0	0	0	0	0	0	0	0	0	0	0	0	0	0	1	0	0	0	0	0	0	0	0	0	0		
CAR_PHEV	-0.122562286	-0.096820643	0	0	0	0	0	0	0	0	0	0	0	0	0	0	0	0	1	0	0	0	0	0	0	0	0	0	0		
CAR_BEV	-0.126984127	0	0	0	0	0	0	0	0	0	0	0	0	0	0	0	0	0	1	0	0	0	0	0	0	0	0	0	0		
CAR_FUEL_CELL	0	0	0	0	0	0	0	0	0	0	-0.185123457	0	0	0	0	0	0	0	1	0	0	0	0	0	0	0	0	0	0		
TRAIN_FREIGHT	-0.061421214	0	0	0	0	0	0	0	0	0	0	0	0	0	0	0	0	0	0	1	0	0	0	0	0	0	0	0	0		
BOAT_FREIGHT_DIESEL	0	0	-0.098287143	0	0	0	0	0	0	0	0	0	0	0	0	0	0	0	0	0	0	1	0	0	0	0	0	0	0		
BOAT_FREIGHT_NG	0	0	0	0	-0.111139286	0	0	0	0	0	0	0	0	0	0	0	0	0	0	0	0	1	0	0	0	0	0	0	0		
BOAT_FREIGHT_METHANOL	0	0	0	0	0	0	0	0	0	0	0	0	-0.112984286	0	0	0	0	0	0	0	0	1	0	0	0	0	0	0	0		
TRUCK_DIESEL	0	0	-0.470859714	0	0	0	0	0	0	0	0	0	0	0	0	0	0	0	0	0	1	0	0	0	0	0	0	0	0		
TRUCK_METHANOL	0	0	0	0	0	0	0	0	0	0	0	0	-0.541268644	0	0	0	0	0	0	0	1	0	0	0	0	0	0	0	0		
TRUCK_FUEL_CELL	0	0	0	0	0	0	0	0	0	0	-0.373057143	0	0	0	0	0	0	0	0	0	1	0	0	0	0	0	0	0	0		
TRUCK_ELEC	-0.223922143	0	0	0	0	0	0	0	0	0	0	0	0	0	0	0	0	0	0	0	1	0	0	0	0	0	0	0	0		
TRUCK_NG	0	0	0	0	-0.533107143	0	0	0	0	0	0	0	0	0	0	0	0	0	0	0	1	0	0	0	0	0	0	0	0		
EFFICIENCY	0	0	0	0	0	0	0	0	0	0	0	0	0	0	0	0	0	0	0	0	0	0	0	0	0	0	0	0	0		
DHN	0	0	0	0	0	0	0	0	0	0	0	0	0	0	0	0	0	0	0	0	0	0	0	0	0	0	0	0	0		
GRID	0	0	0	0	0	0	0	0	0	0	0	0	0	0	0	0	0	0	0	0	0	0	0	0	0	0	0	0	0		
H2_ELECTROLYSIS	-1.075949367	0	0	0	0	0	0	0	0	0	1	0	0	0	-0.189873418	0.018987342	0	0	0	0	0	0	0	0	0	0	0	0	0		
SMR	0	0	0	0	-1.3646	0	0	0	0	0	1	0	0	0	0	0	0	0	0	0	0	0	0	0	0	0	0	0.27292	0		
H2_BIOMASS	0	0	0	0	0	-2.24773196	0	0	0	0	1	0	0	0	0	0	0	0	0	0	0	0	0	0	0	0	0	0.901719	0		
GASIFICATION_SNG	0	0	0	0	1	-1.4231125	0	0	0	0	0	0	0	0	0	0.338	0	0	0	0	0	0	0	0	0	0	0	0.400015	0		
SYN_METHANATION	0	0	0	0	1	0	0	0	0	0	-1.2	0	0	0	0	0.295	0	0	0	0	0	0	0	0	0	0	0	0	-0.2		
BIOMETHANATION	0	0	0	0	1	0	-3.3462	0	0	0	0	0	0	0	0	0	0	0	0	0	0	0	0	0	0	0	0	1.105018	0		
BIO_HYDROLYSIS	0.094562648	0	0	0	1	0	-2.364066194	0	0	0	0	0	0	0	0	0	0	0	0	0	0	0	0	0	0	0	0	0.721985816	0		
PYROLYSIS_TO_LFO	0.0238	0	0	1	0	-1.459893207	0	0	0	0	0	0	0	0	0	0	0	0	0	0	0	0	0	0	0	0	0	0.325663	0		
PYROLYSIS_TO_FUELS	0.0256	1	0.456	0	0	-2.467342984	0	0	0	0	0	0	0	0	0	0	0	0	0	0	0	0	0	0	0	0	0	0.6167	0		
ATM_CCS	-1.3	0	0	0	0	0	0	0	0	0	0	0	0	0	0	0	0	0	0	0	0	0	0	0	0	0	-1	0	1		
INDUSTRY_CCS	-0.233	0	0	0	0	0	0	0	0	0	0	0	0	0	0	0	0	0	0	0	0	0	0	0	0	0	0	-1	0.9		
SYN_METHANOLATION	-0.032866667	0	0	0	0	0	0	0	0	0	-1.204466667	0	1	0	0	0.083090672	0	0	0	0	0	0	0	0	0	0	0	0	-0.245703295		
METHANE_TO_METHANOL	0	0	0	0	-1.529051988	0	0	0	0	0	0	0	1	0	0	0	0	0	0	0	0	0	0	0	0	0	0	0.060107103	0		
BIOMASS_TO_METHANOL	0.032258	0	0	0	0	-1.567997439	0	0	0	0	0	0	1	0	0	0.35484	0	0	0	0	0	0	0	0	0	0	0	0.383327705	0		
HABER_BOSCH	-0.122553192	0	0	0	0	0	0	0	0	0	-1.13	1	0	0	0	0.134042253	0	0	0	0	0	0	0	0	0	0	0	0	0		
AMMONIA_TO_H2	0	0	0	0	0	0	0	0	0	0	1	-1.40291667	0	0	-0.15	0.1	0	0	0	0	0	0	0	0	0	0	0	0	0		
OIL_TO_HVC	-0.0211887	0	0	-1.818181818	0	0	0	0	0	0	0	0	0	1	-0.017222222	0	0	0	0	0	0	0	0	0	0	0	0	0.212727273	0		
GAS_TO_HVC	-0.470588235	0	0	0	-2.793650794	0	0	0	0	0	0	0	0	1	0	0	0	0	0	0	0	0	0	0	0	0	0	0.298730159	0		
BIOMASS_TO_HVC	-0.0286	0	0	0	0	-2.314713808	0	0	0	0	0	0	0	1	-0.052	0	0	0	0	0	0	0	0	0	0	0	0	0.66859	0		
METHANOL_TO_HVC	0	0	0	0	0	0	0	0	0	0	0	0	-1.241155343	1	-0.33	0	0	0	0	0	0	0	0	0	0	0	0	0	0		
