# Energy [GWh], Power [GW], Cost [MCHF], Time [h], Passenger transport [Mpkm], Freight Transport [Mtkm]																														
																														
# References based on Supplementary material																														
																														
set PERIODS := 1	2	3	4	5	6	7	8	9	10	11	12;
# [Table A.7, Table A.20]
# # FROM MONTHLY
# param c_p_t:	1	2	3	4	5	6	7	8	9	10	11	12	:=
# PV	0.021509685	0.04321476	0.077131247	0.129695159	0.136502023	0.15139642	0.128041205	0.124839483	0.086324831	0.052924337	0.026806308	0.021614542	
# WIND_ONSHORE	0.126704449	0.084238169	0.0970127	0.061950757	0.075685766	0.056838492	0.06769788	0.048485327	0.071238478	0.038613795	0.128930916	0.142603271	
# WIND_OFFSHORE	0.109035522	0.075436027	0.090876511	0.057282253	0.075501447	0.065179947	0.079052952	0.053732384	0.072091	0.048335082	0.128950274	0.1445266	
# HYDRO_RIVER	0.059648987	0.041322438	0.051431653	0.069371452	0.120595178	0.125026468	0.124621626	0.113242707	0.091537287	0.075575442	0.071562354	0.056064409	
# DHN_SOLAR	0.031573497	0.056297288	0.070564374	0.121540983	0.135838054	0.119678631	0.102594529	0.122736628	0.107157001	0.071183085	0.035982029	0.024853902	
# DEC_SOLAR	0.031573497	0.056297288	0.070564374	0.121540983	0.135838054	0.119678631	0.102594529	0.122736628	0.107157001	0.071183085	0.035982029	0.024853902	
# ;
# FROM TD TO MONTHLY
param c_p_t:	1	2	3	4	5	6	7	8	9	10	11	12	:=
PV	0.043565333	0.048432763	0.077566148	0.182574626	0.194262749	0.196311075	0.169872814	0.180813148	0.140428631	0.093617231	0.050011052	0.043283863	
WIND_ONSHORE	0.390017399	0.308246184	0.265097769	0.096014344	0.185405296	0.183361997	0.160101068	0.13385099	0.165444146	0.093255822	0.430565089	0.510843341	
WIND_OFFSHORE	0.544049141	0.47974304	0.445016674	0.237687093	0.325206358	0.31276897	0.333118556	0.290673116	0.333685622	0.228856652	0.666062848	0.750859714	
HYDRO_RIVER	0.309440476	0.310289886	0.355493107	0.478681989	0.621736135	0.643449794	0.64530817	0.660893339	0.60174976	0.459654193	0.376986494	0.332824325	
DHN_SOLAR	0.031582056	0.036686724	0.045266835	0.073117874	0.098387289	0.101940157	0.089032277	0.103927743	0.082934506	0.064785552	0.034781927	0.025283257	
DEC_SOLAR	0.031582056	0.036686724	0.045266835	0.073117874	0.098387289	0.101940157	0.089032277	0.103927743	0.082934506	0.064785552	0.034781927	0.025283257	
;

# [Table A.4]
param: 	t_op	lighting_month	heating_month	:=
1	744	0.090849485	0.166134387
2	672	0.081261673	0.146412347
3	744	0.089396721	0.135247768
4	720	0.078683046	0.07955448
5	744	0.080557156	0.040560705
6	720	0.07919648	0.023683397
7	744	0.078465043	0.010958535
8	744	0.08043813	0.011111407
9	720	0.081699259	0.031690855
10	744	0.083875069	0.073670603
11	720	0.086190355	0.117022868
12	744	0.089387582	0.16395265
;																																																				